-0.0313628 0.971234 -0.28171 0.0795659
-0.1591 0.992607 -0.406947 0.0587348
0.0428907 0.995725 -0.525189 0.0732405
-0.0100272 0.965894 -0.345942 0.0249982
0.00564286 0.972971 -0.579038 0.0382895
-0.109054 0.938888 -0.243212 0.0382324
0.0570451 1.02762 -0.504885 0.0844089
0.0736295 1.02414 -0.487588 0.0908536
-0.0835195 0.98459 -0.302946 0.0901178
-0.116104 0.981129 -0.523248 0.0442282
-0.162438 0.997651 -0.402069 0.0580237
-0.130258 0.989876 -0.46461 0.0622217
-0.140425 0.97324 -0.352868 0.0913185
-0.119191 0.979465 -0.513851 0.0484364
-0.172157 0.965526 -0.272035 0.0262947
-0.0927515 0.918072 -0.330133 0.05461
-0.147521 0.944924 -0.249186 0.0198949
-0.0947091 0.940725 -0.246644 0.0457396
-0.134433 0.969112 -0.339223 0.0917101
0.0533992 1.01829 -0.502616 0.086945
-0.0274792 0.959945 -0.302221 0.0711523
0.0568045 1.02098 -0.481352 0.0765586
-0.145629 0.981686 -0.39038 0.0764932
-0.0942171 0.943938 -0.245976 0.0441196
-0.107239 0.973433 -0.340609 0.0968317
-0.137201 0.969795 -0.30033 0.0632856
-0.037046 0.943406 -0.283324 0.0716998
0.0153909 0.912966 -0.244168 0.0260992
-0.147706 0.969562 -0.289929 0.0535828
-0.02955 0.994758 -0.39039 0.014983
-0.131611 0.975318 -0.361341 0.0945766
-0.141163 0.983381 -0.292685 0.063101
-0.142673 0.984086 -0.290806 0.0613753
-0.0523278 1.03732 -0.274676 0.0260653
-0.0735665 0.974919 -0.318514 0.0810787
0.0956025 1.03185 -0.489188 0.0813154
0.102675 0.913529 -0.327938 0.0583386
0.152997 0.996722 -0.447854 0.0389454
0.0573122 1.02827 -0.505073 0.0842438
-0.147873 0.981707 -0.449372 0.0570982
0.0898923 1.04719 -0.441499 0.0522934
-0.0400622 1.02574 -0.518456 0.0737044
0.105432 1.04152 -0.495239 0.0754603
0.105793 1.04191 -0.495512 0.0752927
-0.0482441 1.03085 -0.48676 0.0642887
-0.0740942 0.970313 -0.278827 0.0768767
-0.0753903 0.97089 -0.278411 0.0765392
-0.0258309 0.925754 -0.321107 0.0414982
0.0780638 1.07968 -0.473829 0.0546061
0.144069 0.967292 -0.431315 0.0514961
-0.0662052 0.97553 -0.2395 0.0441738
-0.0956846 0.994357 -0.236067 0.0481336
-0.0319157 0.930898 -0.307105 0.0538814
0.116387 1.00756 -0.43071 0.0713117
-0.157922 0.984444 -0.34633 0.075525
0.105757 0.928204 -0.262828 0.0179397
-0.190788 0.954895 -0.280578 0.0150197
0.103244 0.955549 -0.492851 0.0810459
-0.071758 0.972376 -0.268776 0.0679746
-0.0214379 0.985558 -0.526078 0.0755372
0.01545 0.913439 -0.24471 0.0265548
0.00449356 0.946733 -0.268162 0.058215
0.118537 0.984891 -0.398489 0.0761051
-0.0373196 0.983234 -0.341758 0.0403308
0.0960462 1.0186 -0.44245 0.0741516
-0.0217561 0.960145 -0.305531 0.0667029
-0.147182 0.977958 -0.351264 0.0852082
-0.021175 1.01041 -0.515655 0.0797496
0.0839531 1.02127 -0.478364 0.0887619
0.0272779 0.912151 -0.265753 0.0416013
0.0780239 1.02281 -0.484281 0.0902506
0.159192 1.00485 -0.421913 0.0448315
0.057371 1.0284 -0.505119 0.0842025
0.110172 0.924851 -0.262766 0.0140853
0.0722593 1.0246 -0.4884 0.0909078
0.0165777 0.947668 -0.275318 0.0642571
0.138248 0.972564 -0.309146 0.0521283
0.0922677 0.887558 -0.321008 0.0393788
-0.0438564 0.956431 -0.293351 0.0823621
-0.171927 0.9996 -0.422538 0.0423708
-0.00840279 0.981962 -0.251711 0.066556
-0.124989 0.977894 -0.506164 0.0507326
0.0991494 0.968096 -0.482121 0.0815845
-0.15368 0.982855 -0.44107 0.0540883
0.118309 0.985164 -0.399561 0.0760015
0.0426607 0.991535 -0.532449 0.0681299
-0.0208857 1.01368 -0.518605 0.0769002
0.0394158 0.983213 -0.557622 0.0516919
-0.160733 0.962252 -0.28217 0.0388945
-0.0504658 0.96002 -0.297081 0.0842365
0.107652 1.00396 -0.439885 0.0781532
-0.0263663 0.976117 -0.236644 0.0506298
-0.0212277 0.982375 -0.531547 0.072262
0.0340724 0.963626 -0.283229 0.0786048
0.154842 0.960896 -0.434187 0.0438303
0.041462 0.959631 -0.284956 0.0774167
-0.0215812 0.965863 -0.283992 0.079277
-0.13005 1.01464 -0.530765 0.0192052
-0.0890314 0.996231 -0.317113 0.0853439
-0.132529 0.97545 -0.361776 0.0945004
-0.162176 0.985147 -0.348622 0.0720504
-0.167408 0.971034 -0.272559 0.0315194
-0.107082 0.992123 -0.476799 0.0738497
0.126214 0.968775 -0.391782 0.0649672
-0.0461362 0.958783 -0.295608 0.0838504
-0.0350671 0.963788 -0.287466 0.0814113
0.0929283 1.04277 -0.432821 0.0543267
-0.0450146 0.953183 -0.315517 0.0665629
-0.0127188 0.972744 -0.335175 0.0347021
0.0596806 0.955449 -0.354091 0.0359095
-0.0647078 0.966244 -0.303794 0.0851671
-0.0342347 0.963895 -0.287225 0.0812432
-0.0084196 0.968413 -0.281254 0.0787394
-0.16391 0.955301 -0.312855 0.0535914
-0.156025 0.984331 -0.349792 0.0777423
-0.167658 0.991206 -0.346506 0.0687652
-0.0894362 0.994793 -0.315949 0.0865613
-0.0354098 0.952095 -0.324432 0.0541103
-0.135111 0.969121 -0.337847 0.0906019
-0.0855999 0.986083 -0.302573 0.0902049
-0.163196 0.988647 -0.347777 0.0720878
-0.139051 0.978999 -0.365113 0.0917117
-0.0521887 0.973918 -0.231936 0.0396023
-0.153405 0.982478 -0.35007 0.0799094
-0.0491823 0.97101 -0.267741 0.0664237
-0.185227 1.00526 -0.293846 0.0197797
-0.162251 0.988084 -0.347994 0.0728069
-0.175447 1.00088 -0.427467 0.0378935
-0.0802911 0.973248 -0.315374 0.0882106
-0.123176 0.979531 -0.318576 0.0836905
-0.0299511 0.969288 -0.373882 0.0185112
0.0935229 0.935906 -0.262839 0.0300512
-0.0741167 0.973463 -0.267887 0.0672522
-0.0570548 0.953424 -0.373271 0.0455822
-0.0554597 0.949346 -0.372796 0.0445957
0.00438386 0.967741 -0.36582 0.00545865
-0.138181 0.976314 -0.36704 0.0922833
-0.0642196 0.971394 -0.294377 0.0864288
0.0743557 1.0213 -0.307219 0.0430646
-0.0433807 0.951641 -0.304017 0.0746756
-0.0345093 0.953918 -0.307296 0.0689561
-0.13129 0.966517 -0.351394 0.0987814
-0.186222 0.953696 -0.285571 0.0210286
0.0521391 0.962123 -0.27438 0.0721244
-0.0107807 0.978676 -0.273846 0.0787272
0.125968 1.01054 -0.392569 0.0805141
-0.135145 0.969082 -0.337811 0.0905511
-0.0400458 0.94251 -0.284136 0.0727288
-0.0399002 0.941973 -0.283815 0.0723336
-0.022989 0.977019 -0.235654 0.0516865
-0.0125735 0.980666 -0.231839 0.0556006
-0.0212255 0.921086 -0.238694 0.0259982
-0.150495 0.966932 -0.288784 0.0504417
-0.150407 0.967036 -0.288775 0.0505255
-0.150268 0.965076 -0.283476 0.0457449
-0.0863924 0.949069 -0.339463 0.0823347
-0.0196662 0.933809 -0.256598 0.0430477
-0.04247 0.943517 -0.284032 0.072939
-0.0150747 0.922528 -0.237957 0.0239604
-0.0625234 0.918253 -0.35874 0.0511659
0.032959 0.917012 -0.27339 0.0470495
0.0745153 0.910381 -0.305279 0.0540196
-0.0306148 0.914615 -0.298641 0.0450206
0.0531768 0.961914 -0.272421 0.0708479
-0.069902 0.950452 -0.325252 0.0756205
-0.0413154 0.947076 -0.286462 0.0758305
-0.0435851 0.955143 -0.290999 0.0817701
-0.0429848 0.950954 -0.304694 0.0737334
-0.0630657 0.951049 -0.31979 0.0742401
-0.0368144 0.939591 -0.302487 0.0638452
-0.015041 0.924463 -0.241497 0.0271848
-0.0307496 0.969243 -0.37367 0.0192685
-0.0766152 0.949881 -0.330895 0.0777649
-0.0863151 0.949075 -0.339388 0.0822945
-0.0443024 0.957923 -0.292528 0.0839373
-0.0797529 0.973104 -0.277684 0.0759069
-0.0861929 0.977641 -0.272377 0.071905
-0.0854019 0.976183 -0.276031 0.0749413
-0.0805481 0.978001 -0.288623 0.0815836
0.0707262 1.02214 -0.473214 0.0778319
-0.131557 0.974673 -0.292079 0.0631456
-0.128159 0.957345 -0.263444 0.0387925
-0.0670917 0.927361 -0.258917 0.0533078
-0.0899582 0.961263 -0.263249 0.059597
-0.089481 0.980225 -0.279388 0.0768082
-0.131791 0.965923 -0.277085 0.0486652
-0.193834 0.980669 -0.286201 0.020552
-0.133802 0.950492 -0.255455 0.0298395
0.116009 0.9741 -0.331919 0.0682872
-0.047355 0.957528 -0.291723 0.0831136
-0.0139322 0.937163 -0.258575 0.0452502
0.00494434 0.913756 -0.232231 0.0167065
-0.0675714 0.926394 -0.258013 0.0528176
0.0452642 0.9622 -0.286366 0.0799929
-0.0210128 0.923337 -0.242717 0.0293608
-0.0469399 0.929526 -0.273604 0.0624907
-0.0305182 0.922915 -0.250133 0.0377621
0.0240549 0.976884 -0.277194 0.0839616
-0.150358 0.966841 -0.288086 0.0499426
-0.150065 0.966192 -0.285483 0.0478598
-0.15055 0.965739 -0.284607 0.0467831
-0.0872975 0.984696 -0.246313 0.0516926
-0.190422 0.954808 -0.280805 0.0153819
-0.0995931 0.996916 -0.245932 0.0551406
-0.0893668 0.984253 -0.258173 0.0606651
-0.205766 0.979658 -0.297344 0.0289927
0.00410711 0.938298 -0.25916 0.0465337
0.0152753 0.912691 -0.243776 0.0257586
-0.129688 0.969054 -0.280895 0.0535669
-0.127945 0.944624 -0.248059 0.0298068
-0.170398 0.954829 -0.266229 0.0195986
-0.172501 0.953936 -0.263033 0.0158976
-0.0879516 0.985977 -0.242827 0.0494749
-0.167485 0.956041 -0.310812 0.0496528
-0.0449177 0.958943 -0.293051 0.0847151
-0.0725089 0.976555 -0.249455 0.0517483
-0.14473 0.971995 -0.291962 0.057272
-0.12244 0.951803 -0.255193 0.0362787
-0.152838 0.957298 -0.269316 0.0309796
-0.154479 0.952958 -0.262214 0.0238455
-0.11688 0.973309 -0.279574 0.0605908
-0.14984 0.962262 -0.277547 0.0401926
-0.10626 0.990129 -0.294887 0.0837594
-0.0139939 0.967239 -0.282297 0.0788274
-0.174718 0.983396 -0.323986 0.0560748
-0.105976 0.980863 -0.283629 0.0720247
-0.116627 0.961389 -0.265143 0.0472363
-0.0557138 0.966762 -0.291054 0.0860506
-0.0571425 0.966739 -0.291605 0.0865201
-0.031856 0.971102 -0.281898 0.0796404
-0.19547 0.981922 -0.282383 0.0166468
-0.0404627 0.97326 -0.228839 0.0412756
-0.171411 0.950282 -0.353613 0.062398
-0.0955028 0.938304 -0.244609 0.0447682
-0.0871853 0.985258 -0.243392 0.0496804
-0.074018 0.970289 -0.278876 0.0769086
-0.0912274 0.982157 -0.28133 0.0780383
-0.0530907 0.968621 -0.21539 0.0273707
-0.0644774 0.971779 -0.215807 0.0270265
-0.0924731 0.983743 -0.283234 0.0792759
-0.11825 0.938174 -0.242081 0.0335924
-0.107556 0.954693 -0.257609 0.0457353
-0.0867416 0.981305 -0.260997 0.0626954
-0.0152155 0.979084 -0.255495 0.0655553
-0.168588 0.980221 -0.321816 0.0589643
-0.168285 0.966928 -0.273663 0.0301825
-0.0884767 0.966777 -0.267841 0.0648422
-0.0688328 0.969098 -0.283289 0.0798086
-0.0697295 0.973429 -0.292688 0.0846847
-0.00596408 0.980971 -0.272011 0.0792427
-0.00267616 0.982694 -0.269218 0.0788536
-0.018129 0.975711 -0.27665 0.078412
-0.0696246 0.972004 -0.268934 0.0678489
-0.137001 0.972226 -0.500906 0.0496777
-0.195798 0.955986 -0.279426 0.0116766
-0.197932 0.956172 -0.279262 0.0107443
-0.0979307 0.994231 -0.250354 0.0569493
-0.0290302 0.974388 -0.261966 0.0652188
-0.153198 0.963437 -0.289719 0.0482151
-0.0399088 0.973352 -0.22865 0.0413354
-0.081352 0.945962 -0.339622 0.078137
-0.0780463 0.946575 -0.336496 0.0765483
-0.0398026 0.952339 -0.324386 0.0563845
-0.0478559 0.951303 -0.323708 0.0614469
-0.0479143 0.95049 -0.326628 0.0591688
-0.044758 0.951741 -0.32326 0.0600002
-0.0776818 0.962059 -0.320448 0.0835817
-0.0580371 0.957952 -0.306135 0.0808359
-0.0545551 0.95735 -0.304247 0.0805642
-0.0521921 0.956969 -0.303104 0.0803707
-0.0402873 0.947356 -0.308573 0.0682744
-0.0261288 0.932964 -0.32177 0.0453319
-0.0214406 0.969596 -0.375407 0.0107961
-0.0694414 1.00765 -0.503821 0.0762281
-0.181413 0.984718 -0.318938 0.0504624
-0.173585 0.999612 -0.427102 0.0394327
-0.16814 0.995242 -0.426138 0.0442095
-0.173228 0.982567 -0.323523 0.0567875
-0.174483 0.981865 -0.318874 0.054159
-0.124214 1.0036 -0.364375 0.07133
-0.154603 0.951447 -0.377493 0.0785311
-0.126478 0.975548 -0.327277 0.0865971
-0.120912 0.968438 -0.349562 0.099452
-0.131607 0.966831 -0.348091 0.0974029
-0.134991 0.969199 -0.35422 0.0964777
-0.149907 0.970494 -0.352969 0.0819384
-0.150425 0.971595 -0.352699 0.0814778
-0.145767 0.948759 -0.358683 0.0880955
-0.152721 0.933837 -0.363207 0.0863633
-0.133957 0.968469 -0.354547 0.0974738
-0.0571422 0.966738 -0.291605 0.0865201
-0.0865669 0.979071 -0.268181 0.0684413
-0.0517156 0.997137 -0.381905 0.0311324
0.0910243 1.0275 -0.308225 0.0348197
-0.0273619 0.974835 -0.261312 0.0652092
-0.0561169 0.966101 -0.291588 0.0863652
0.0647562 1.045 -0.408835 0.0282201
-0.0685401 0.967623 -0.307221 0.0854406
-0.0507366 0.962277 -0.292617 0.0855051
-0.0656031 0.966169 -0.305216 0.0851461
-0.0806743 0.973553 -0.315435 0.0883406
-0.0338401 0.990086 -0.390801 0.0206259
-0.0445763 0.972923 -0.248839 0.0525105
-0.0681743 0.974651 -0.250619 0.0526395
-0.0417992 1.04725 -0.473464 0.0459206
-0.0264522 0.993412 -0.40935 0.017707
0.0827608 1.02172 -0.482109 0.0908933
-0.151444 0.980768 -0.349136 0.0812585
-0.126878 0.973751 -0.358088 0.0955337
-0.0949696 0.966124 -0.335359 0.0906238
-0.0201386 0.990395 -0.40214 0.010592
-0.0263407 0.960021 -0.302808 0.0703015
-0.0273756 0.955874 -0.310448 0.0643701
-0.0453121 0.959068 -0.293082 0.0847828
-0.0603856 0.985241 -0.385565 0.0429985
0.105178 0.985149 -0.45896 0.0805998
-0.0588706 0.986923 -0.385107 0.0410128
0.0333802 0.984699 -0.282698 0.0805484
0.116854 0.995966 -0.422143 0.0788738
-0.037073 0.9425 -0.311745 0.0620048
-0.058448 0.974187 -0.240223 0.044598
-0.0404749 0.973269 -0.228921 0.0413169
0.106487 0.987119 -0.454244 0.080311
-0.0783068 0.98759 -0.365591 0.0598162
-0.0475326 0.995025 -0.384387 0.0283605
-0.0354005 0.997189 -0.388508 0.0174245
-0.0453655 0.958601 -0.295408 0.0837472
-0.100185 0.992346 -0.293801 0.0870203
-0.0478414 0.959239 -0.296137 0.0840208
-0.0282112 0.991434 -0.38982 0.0160092
0.00208687 0.987236 -0.244995 0.0693396
-0.0398851 0.991013 -0.389296 0.0240151
-0.0857129 0.96759 -0.346113 0.0780634
-0.0715866 0.969376 -0.360195 0.0607605
-0.0407273 0.97336 -0.230403 0.0420222
-0.0426031 0.973407 -0.239978 0.0470433
-0.0475567 0.959932 -0.293169 0.0851616
0.00801794 0.98797 -0.266892 0.0826082
-0.00302775 0.982319 -0.270929 0.0797423
-0.0818779 0.98349 -0.301953 0.0896471
-0.0702626 0.975245 -0.296955 0.0870323
-0.139165 0.972123 -0.351576 0.0920903
-0.0868656 0.987462 -0.227232 0.0399586
-0.17014 0.99298 -0.346482 0.0671851
-0.174264 0.995985 -0.346364 0.0646987
-0.0131151 0.980502 -0.237176 0.0573148
-0.0240678 0.976673 -0.242355 0.0545333
-0.0269982 0.975888 -0.243516 0.0539954
-0.0623521 0.973696 -0.250677 0.0523231
-0.0717126 0.978005 -0.23765 0.0428338
-0.0867691 0.987219 -0.228898 0.040793
-0.0868009 0.987088 -0.230557 0.0417179
-0.055154 0.973821 -0.230177 0.0380482
-0.0607081 0.98526 -0.293734 0.0775765
-0.0725024 0.977983 -0.219515 0.0304843
-0.0716913 0.977516 -0.220011 0.0307292
-0.0643561 0.974388 -0.222995 0.0325636
-0.0336115 0.975699 -0.215687 0.0359721
-0.0642672 0.973085 -0.218356 0.0292364
-0.0673022 0.973952 -0.215541 0.0271999
-0.0534375 0.972658 -0.223416 0.0338753
-0.0474188 0.972399 -0.222694 0.0349519
-0.0532153 0.972277 -0.22218 0.0330513
0.114764 1.00277 -0.422503 0.0778795
-0.158312 0.983888 -0.274491 0.0441597
-0.150981 0.983997 -0.281594 0.0516295
-0.187454 0.991491 -0.326819 0.0505634
-0.152818 0.989175 -0.361778 0.0799702
-0.115898 0.98804 -0.299295 0.0811861
-0.15377 0.982716 -0.350006 0.0796061
-0.1158 0.996205 -0.357101 0.0768991
-0.0858544 0.986508 -0.218951 0.0349842
-0.0866067 0.987266 -0.227358 0.0399111
-0.0714949 0.978179 -0.227119 0.03543
-0.0714843 0.978359 -0.232261 0.0390656
-0.0558578 0.974096 -0.232632 0.0396427
-0.0652789 0.975652 -0.233372 0.0398471
-0.0648855 0.975345 -0.229661 0.0371799
-0.184676 0.986148 -0.318809 0.0488561
-0.178579 0.98574 -0.324968 0.0541653
-0.187098 0.987269 -0.318607 0.0476866
-0.126101 0.973408 -0.357445 0.0957745
-0.139646 0.972086 -0.34279 0.0889634
-0.134063 0.973778 -0.321089 0.0806872
-0.118755 0.986602 -0.299466 0.0794559
-0.119774 0.986165 -0.299432 0.0788117
-0.13235 0.980007 -0.301717 0.072646
-0.134224 0.979485 -0.30151 0.0715757
-0.133089 0.979762 -0.301688 0.0722523
-0.133872 0.978634 -0.304212 0.0728407
-0.133334 0.979165 -0.303168 0.0726983
-0.164404 0.990112 -0.348626 0.0713073
-0.145955 0.972705 -0.508027 0.0425129
-0.157538 0.984159 -0.346299 0.0758098
-0.142525 0.973978 -0.343922 0.0869845
-0.168016 0.993629 -0.349579 0.0688614
-0.136454 0.975675 -0.363473 0.0942451
-0.149581 0.978526 -0.345338 0.0817516
-0.13451 0.968861 -0.346135 0.0942997
-0.136133 0.969905 -0.348102 0.0935685
-0.123231 0.967847 -0.349901 0.0993262
-0.1225 0.969349 -0.3513 0.0986551
-0.13895 0.984096 -0.365639 0.0877041
-0.121702 0.970808 -0.352959 0.0977727
-0.0900733 0.992529 -0.318885 0.087613
-0.132859 0.968137 -0.343871 0.0947352
-0.158545 0.996726 -0.365752 0.0760929
-0.164789 1.00568 -0.369532 0.0723947
-0.0909412 0.988572 -0.308069 0.0923491
-0.146975 0.977143 -0.34681 0.0842697
-0.142341 0.973881 -0.344034 0.0871705
-0.121406 0.977012 -0.489125 0.0619079
-0.13505 1.00902 -0.342645 0.0567758
-0.109845 0.979595 -0.325378 0.089669
-0.12659 0.976575 -0.324535 0.0853129
-0.131315 0.971758 -0.334682 0.0895985
-0.133967 0.969132 -0.340293 0.0925281
-0.14194 0.973624 -0.343776 0.0874098
-0.139448 0.972024 -0.342899 0.08917
-0.132718 0.973373 -0.498005 0.0525618
-0.082828 0.98424 -0.302366 0.0899381
-0.138221 0.997555 -0.368129 0.0768321
0.114501 0.93906 -0.292033 0.0401239
0.121581 0.925681 -0.276504 0.0226656
-0.0321399 0.994423 -0.279101 0.0639956
-0.0889631 0.998346 -0.31219 0.0847273
-0.0897908 0.9932 -0.317864 0.0873591
-0.0905145 0.989933 -0.313677 0.0902937
9.46686e-05 0.916551 -0.230284 0.0157343
-0.0910317 0.987597 -0.310371 0.0925902
-0.0910018 0.987731 -0.310059 0.0925614
-0.0894726 0.987014 -0.308771 0.0919809
0.101267 1.04451 -0.391545 0.0616839
-0.0721341 0.997512 -0.294236 0.0727305
0.0115287 0.989456 -0.265614 0.0836895
0.0097686 0.988888 -0.266064 0.0831443
-0.136578 0.972475 -0.501 0.0497466
-0.136481 0.975773 -0.363593 0.0942104
-0.042165 1.03264 -0.524028 0.0692742
-0.0994951 0.995786 -0.47746 0.0751686
-0.144633 0.980039 -0.392015 0.0768913
-0.0842823 0.983916 -0.362092 0.0669456
-0.118013 0.997967 -0.359168 0.0754648
0.0867931 1.04371 -0.436617 0.0524739
-0.0479389 1.03411 -0.487647 0.0621977
-0.107425 0.971579 -0.342263 0.0969478
-0.0990412 0.973811 -0.352441 0.0856499
-0.12117 0.970548 -0.352435 0.0979966
-0.11851 0.968796 -0.349226 0.0995149
-0.149574 1.00002 -0.370492 0.0766301
-0.144383 0.98512 -0.367344 0.0869673
-0.150499 0.992994 -0.369996 0.0816385
-0.150361 0.992811 -0.369936 0.081752
-0.145056 0.980854 -0.390466 0.0770274
-0.139339 0.976413 -0.369197 0.0910352
-0.109095 0.993732 -0.478147 0.0711473
-0.132496 0.975731 -0.361792 0.0942725
-0.132221 0.975402 -0.361609 0.0945398
-0.0880066 1.00186 -0.31357 0.0819606
-0.0883298 1.00089 -0.313211 0.0827658
-0.0895018 0.994182 -0.319089 0.0864655
-0.0898877 0.993237 -0.320272 0.0868834
-0.11702 1.00055 -0.359427 0.0734106
-0.121887 1.00616 -0.363887 0.0691911
-0.0482212 1.02851 -0.489207 0.066669
-0.159669 0.993434 -0.406101 0.0585766
-0.166124 1.00166 -0.401755 0.055807
-0.160321 0.994152 -0.406015 0.0580814
-0.106851 0.992453 -0.475901 0.0744289
-0.128362 0.99457 -0.436518 0.0521566
-0.12453 0.979479 -0.511434 0.0470231
-0.115327 0.999058 -0.481821 0.0631022
0.0431065 0.991382 -0.532483 0.0681046
-0.122633 0.976093 -0.488287 0.0617922
-0.129869 1.00183 -0.4717 0.0567509
-0.14468 0.96418 -0.490926 0.0544437
-0.132052 0.980021 -0.512215 0.0424192
-0.139264 0.970687 -0.49982 0.0497153
-0.123509 0.978887 -0.51031 0.0485725
-0.152934 0.988734 -0.488176 0.0338616
-0.128496 0.975784 -0.501382 0.0519407
-0.136033 1.01426 -0.52669 0.0179917
-0.134155 0.976661 -0.509238 0.0445998
-0.123982 0.978107 -0.50526 0.0516576
-0.13321 1.01397 -0.528311 0.0186855
-0.134743 0.971888 -0.496732 0.0526171
-0.140331 0.970497 -0.500533 0.049031
-0.13856 1.01508 -0.525615 0.0172007
-0.127851 0.978105 -0.508667 0.047709
-0.123123 0.978444 -0.507596 0.050625
-0.138002 0.975426 -0.508668 0.0437152
-0.125125 0.97862 -0.509472 0.0483859
-0.140033 0.975715 -0.510215 0.0419035
-0.152906 0.969966 -0.508627 0.0416212
-0.133797 1.00947 -0.512225 0.0291146
-0.119791 0.979804 -0.514488 0.0475399
-0.12428 1.00204 -0.503622 0.0425355
-0.130972 0.975206 -0.503293 0.049972
-0.116569 0.981952 -0.528048 0.0410891
-0.148675 0.995796 -0.463902 0.0471895
-0.131747 0.979852 -0.51196 0.0428181
-0.126855 0.979526 -0.511168 0.0459573
-0.108202 0.994144 -0.475922 0.0729573
-0.107167 0.992162 -0.475613 0.0743765
-0.173834 0.996625 -0.435462 0.0356899
-0.162088 0.989451 -0.433237 0.0474755
-0.16151 0.988993 -0.4336 0.0479287
-0.171401 0.997504 -0.42842 0.0406359
-0.161826 0.989241 -0.433202 0.0477508
-0.166901 0.993935 -0.427416 0.0448685
-0.169335 0.99083 -0.446728 0.0363704
-0.171341 0.997448 -0.428445 0.0406759
-0.158774 0.986029 -0.438925 0.0493601
-0.155592 0.984109 -0.438212 0.0529022
-0.155365 0.987535 -0.410613 0.0609483
-0.153018 0.982458 -0.440831 0.0548617
-0.170726 0.991324 -0.447233 0.0348534
-0.168071 0.997049 -0.465026 0.0314809
-0.14713 0.981583 -0.450567 0.0575688
-0.146267 0.982262 -0.453735 0.0574804
-0.145762 0.981974 -0.453622 0.0580498
-0.145232 0.984306 -0.457624 0.0568115
-0.148814 0.986821 -0.459172 0.0525185
-0.14692 0.981664 -0.451078 0.0576148
-0.147893 0.986199 -0.458812 0.0536018
-0.0482659 1.02511 -0.512335 0.0770226
-0.140508 1.02623 -0.488845 0.0419257
-0.0184418 0.983201 -0.549357 0.0572977
-0.0489933 1.03495 -0.51988 0.0718322
-0.0323824 1.01579 -0.514854 0.0779573
-0.0803016 1.0166 -0.532426 0.0463433
-0.0376753 1.0183 -0.514235 0.0777232
-0.0479913 1.03131 -0.517291 0.0735728
0.126539 0.957786 -0.479301 0.0647011
-0.0200368 1.02139 -0.528375 0.0682448
-0.046152 1.02367 -0.512743 0.0770633
-0.0383829 1.01873 -0.514117 0.0776355
-0.0193534 0.976272 -0.546012 0.0638082
0.0648547 1.01733 -0.4499 0.0564708
0.0314025 0.99224 -0.592238 0.0274504
-0.0177157 1.0359 -0.546083 0.0555859
-0.0558664 1.01178 -0.504678 0.0814539
-0.0468896 1.03388 -0.483714 0.0604185
-0.0912739 0.999295 -0.478609 0.0766244
-0.0904176 0.999467 -0.478575 0.0766994
0.0513879 0.983195 -0.569992 0.0420738
-0.0326856 1.01973 -0.51754 0.0754071
0.126687 0.976489 -0.449024 0.0639307
-0.0459456 1.0575 -0.452726 0.026532
-0.047881 1.0355 -0.488147 0.0613188
-0.0397469 1.02458 -0.51763 0.0744169
-0.0387173 1.0244 -0.518243 0.0741341
-0.0453987 1.0202 -0.510957 0.0786516
-0.0378875 1.01632 -0.512863 0.0788977
-0.0373464 1.01605 -0.512993 0.0789379
-0.0322844 1.01416 -0.513894 0.0789188
-0.0500165 1.03306 -0.517188 0.0735249
-0.0488102 1.02213 -0.510003 0.0786997
-0.0475435 1.02139 -0.510369 0.0786788
-0.0400284 1.03026 -0.523416 0.0699178
-0.0332285 1.02407 -0.521664 0.0716848
0.0892217 1.01561 -0.476049 0.0886702
0.0772342 1.03837 -0.491321 0.0892625
0.0763991 1.04456 -0.495105 0.0887186
-0.0473542 1.03578 -0.486241 0.0603581
-0.0479886 1.03296 -0.487395 0.0629706
-0.0482138 1.03095 -0.486661 0.0641722
-0.0483915 1.03059 -0.486559 0.0643629
-0.0351103 1.02147 -0.517685 0.0749268
0.118453 1.07194 -0.426338 0.0204131
-0.0219711 0.971657 -0.552564 0.0615521
-0.0385707 1.02365 -0.517671 0.0746265
0.0892581 1.07632 -0.412881 0.0228803
0.138383 1.01419 -0.471454 0.0483221
0.0425116 1.01484 -0.509598 0.0852701
0.143576 1.00225 -0.459568 0.0443079
0.0309723 0.993692 -0.599033 0.0253684
0.0424647 1.01596 -0.510838 0.0841357
0.0422952 1.01985 -0.51587 0.0796777
0.0324321 1.02045 -0.568545 0.030015
0.145951 0.952661 -0.479486 0.0550501
0.126683 0.993718 -0.443792 0.0642347
0.0316779 1.01019 -0.583461 0.017519
0.053709 1.00451 -0.572176 0.0262889
0.0525246 0.993596 -0.570632 0.0338864
0.0423155 1.01601 -0.519571 0.0760653
0.0352968 0.981969 -0.580556 0.0403569
0.0448759 1.01663 -0.508957 0.0850726
0.160152 1.01019 -0.470746 0.0297336
0.0422336 1.02061 -0.516853 0.0788257
-0.0263309 0.968198 -0.553731 0.062702
-0.0296827 0.958078 -0.582629 0.0580721
0.0340896 0.985712 -0.58296 0.0363265
-0.0195063 1.02497 -0.532882 0.0646125
-0.0152351 1.00347 -0.560282 0.0396406
-0.0160375 0.974521 -0.552638 0.0590979
0.0344711 0.984661 -0.582295 0.0374698
0.000293636 1.01264 -0.514024 0.0754027
-0.0210525 1.012 -0.516782 0.0786346
-0.00213743 1.01254 -0.514306 0.0755004
-0.0211364 1.01094 -0.515992 0.0794101
0.0458949 1.01948 -0.510902 0.083006
-0.0166003 0.974724 -0.551494 0.0599278
0.0689826 1.02215 -0.490853 0.0902127
0.068323 1.01484 -0.492333 0.0886991
0.117667 1.00209 -0.415615 0.0790664
0.0974574 1.03055 -0.426451 0.064428
0.151668 0.949677 -0.406596 0.0437256
0.118545 0.985374 -0.399489 0.0762283
0.105477 0.962384 -0.484503 0.0777325
0.132063 0.952194 -0.483561 0.0633085
0.163822 0.997282 -0.44926 0.0290314
0.11619 0.987012 -0.409225 0.0752234
-0.0452488 0.958715 -0.294571 0.0841073
0.145585 0.999923 -0.428435 0.0513889
0.105525 1.04169 -0.495374 0.0754326
0.170198 0.997565 -0.453427 0.0221189
0.169783 0.997198 -0.450727 0.0233121
0.172162 0.997577 -0.448483 0.0219714
0.123713 0.977387 -0.398572 0.0693822
0.127673 1.03502 -0.467898 0.0484626
0.0891849 1.04534 -0.446317 0.0557699
0.150648 1.0149 -0.435452 0.0393012
0.0449605 0.994577 -0.525337 0.0727015
0.136319 0.968016 -0.453417 0.0564768
0.117989 0.980446 -0.388734 0.0752635
0.142443 1.00825 -0.468946 0.0445643
0.127392 0.994113 -0.44482 0.0632509
0.145741 0.968786 -0.511332 0.0386792
0.107931 1.00327 -0.459758 0.0773248
0.104467 0.983286 -0.461666 0.0802757
0.146799 0.968091 -0.512166 0.0385645
0.103577 0.98458 -0.460904 0.0811994
0.118549 1.00192 -0.413458 0.0795604
0.125255 0.997167 -0.536448 0.025795
0.112204 1.02602 -0.482166 0.0698625
0.12203 1.00578 -0.512042 0.0424067
0.123619 1.05532 -0.46062 0.0357276
0.113749 1.02187 -0.483628 0.066481
0.132933 0.953759 -0.386884 0.0570299
0.147631 0.957525 -0.467228 0.0503683
0.146231 0.972151 -0.510693 0.0358276
0.131009 1.03259 -0.488559 0.0562943
0.122486 0.982321 -0.535624 0.0359724
0.0574876 1.02103 -0.500536 0.0873212
0.0934701 0.976923 -0.498441 0.077508
0.109723 1.02504 -0.481204 0.0719028
0.122919 1.043 -0.494261 0.0646707
0.0809616 0.980864 -0.456635 0.0659852
0.0887715 1.01821 -0.430416 0.0628611
-0.0372151 0.982262 -0.340235 0.0412128
0.142057 1.00879 -0.468728 0.0451493
0.142311 1.00889 -0.46883 0.0449201
0.108633 1.00089 -0.457528 0.0776414
0.167877 1.00207 -0.433654 0.0321467
0.0684943 1.0218 -0.491183 0.0901079
0.0598824 1.03051 -0.504098 0.0845362
0.0596484 1.02967 -0.503743 0.0847792
0.134593 1.00727 -0.46657 0.0519954
0.122436 0.993073 -0.443184 0.0684006
0.163748 0.997485 -0.450654 0.0286561
0.159836 0.996988 -0.449066 0.0325697
0.163753 0.997284 -0.449255 0.0290945
0.15623 0.999219 -0.454578 0.0339933
0.168095 1.0005 -0.458801 0.0227427
0.164672 1.00469 -0.46443 0.0252238
0.140214 1.01526 -0.47255 0.0467715
0.118844 0.983511 -0.396603 0.0754879
0.0778593 1.03594 -0.489808 0.0894923
0.147142 0.960347 -0.415117 0.0478776
0.134545 1.0291 -0.444133 0.0422859
0.136133 1.0148 -0.41163 0.062914
0.135441 1.01626 -0.416297 0.0597344
0.079054 1.03221 -0.487781 0.0896041
0.084598 1.02095 -0.476644 0.0878469
0.107601 1.05826 -0.439124 0.0358034
0.0791175 1.03996 -0.492249 0.0881585
0.0776412 1.03635 -0.490073 0.0895009
0.0775136 1.03697 -0.490466 0.0894276
0.0773518 1.03659 -0.490307 0.0895222
0.0905577 1.04073 -0.432463 0.0551974
0.0975012 1.03875 -0.416446 0.0582945
0.0954834 1.03811 -0.423976 0.0581149
-0.0357468 0.97847 -0.333971 0.0445674
0.0736366 1.02417 -0.487592 0.0908518
0.0764356 1.03362 -0.489612 0.0897181
0.0722712 1.02464 -0.488404 0.0909051
0.0898983 1.01939 -0.461014 0.0801937
0.13628 1.00534 -0.341575 0.0759126
0.0833638 1.02112 -0.481801 0.0908093
0.0782094 1.01811 -0.445876 0.0624815
0.0802805 1.06466 -0.410799 0.02891
0.11539 0.944881 -0.345341 0.0598578
0.0821408 1.01789 -0.442667 0.063471
0.053367 1.01725 -0.447797 0.0486806
0.0981284 1.01895 -0.435378 0.0726947
0.118974 0.975226 -0.330385 0.0665301
0.0990441 1.02314 -0.427208 0.0695925
0.107653 1.00395 -0.439885 0.0781537
0.0652484 1.04573 -0.404842 0.0287341
0.0783103 1.02278 -0.484732 0.0907335
0.158604 1.0048 -0.421677 0.0453497
0.118285 0.999932 -0.415991 0.0794021
-0.00834269 0.963681 -0.3506 0.0212941
0.108762 0.96966 -0.33377 0.0718621
0.000418986 0.919759 -0.235611 0.020174
0.107659 1.00395 -0.439867 0.0781507
0.0631977 1.02261 -0.298066 0.0443305
-0.036694 0.924142 -0.282694 0.0588514
0.118748 0.919755 -0.326362 0.0463395
0.1087 1.00085 -0.440331 0.0787323
0.0268645 0.998282 -0.272384 0.0807417
-0.0333424 0.944108 -0.314338 0.0594259
0.0866847 1.0199 -0.47095 0.0850074
0.0299372 1.00552 -0.277055 0.0759501
0.00356688 0.939068 -0.259624 0.047314
0.143494 1.01908 -0.387338 0.0736467
0.116791 0.976272 -0.380804 0.0750218
0.105112 0.963235 -0.370379 0.068822
0.0998697 1.01677 -0.436221 0.0735985
0.0899207 1.01555 -0.472984 0.0870865
0.0829199 1.02156 -0.482032 0.0908734
0.119982 1.00513 -0.404254 0.0803552
0.081091 0.903709 -0.30652 0.0516126
0.109211 0.99917 -0.440543 0.0790397
0.117511 1.00393 -0.412607 0.0787904
0.00179048 0.939865 -0.26011 0.0479464
-0.0120876 0.954315 -0.279227 0.0702815
-0.0410683 0.964817 -0.306119 0.0715067
-0.0291888 0.930078 -0.31822 0.0471476
-0.0399582 0.982588 -0.339468 0.0435879
-0.0338079 0.946133 -0.312906 0.0614697
-0.0396318 0.947032 -0.309146 0.0674105
-0.0232291 0.946805 -0.319975 0.0518037
-0.0499765 0.980614 -0.330819 0.0560827
-0.0105838 0.9626 -0.344577 0.0274589
0.0603126 0.90834 -0.300394 0.0545218
0.0962818 0.947844 -0.326466 0.0709005
-0.00430905 0.965167 -0.363605 0.0101447
0.104334 0.986195 -0.458444 0.0814414
0.105667 0.98815 -0.453721 0.0811763
0.0628907 1.01787 -0.494782 0.0891356
0.0547898 1.02188 -0.461241 0.0609384
0.0646591 1.02343 -0.474744 0.0762935
0.0739568 1.02403 -0.487383 0.0908358
0.0744879 1.02389 -0.487059 0.0908091
0.113799 0.970336 -0.371857 0.0747118
0.0869598 1.01792 -0.435811 0.0637095
0.084759 1.01964 -0.481084 0.090619
0.0975693 1.01632 -0.444177 0.0753293
0.0927662 1.01876 -0.45268 0.0770793
0.110803 0.991421 -0.440908 0.0799753
0.0617039 1.02047 -0.459763 0.0627005
0.0707626 1.01882 -0.45578 0.0644975
0.110722 0.991503 -0.441076 0.0799884
0.106019 0.996474 -0.451339 0.08149
0.105225 0.988917 -0.453376 0.0816568
0.0944714 1.0159 -0.45551 0.0789644
0.10311 1.00513 -0.451205 0.0803531
0.0984475 1.00675 -0.463129 0.0841925
0.0986942 1.00654 -0.462787 0.0841061
0.101198 1.00319 -0.459415 0.0832314
0.10356 1.00343 -0.451979 0.0808287
0.102058 0.987494 -0.459464 0.0828215
0.102793 1.00082 -0.457287 0.0828298
0.104281 1.00035 -0.453309 0.0816819
0.103198 1.00026 -0.4567 0.0827299
0.103764 0.99938 -0.455887 0.0825993
0.10463 0.998424 -0.454066 0.0821568
0.104583 0.998878 -0.453914 0.0820837
0.104333 0.998868 -0.454686 0.0823123
0.103908 0.988431 -0.45609 0.0822467
0.103188 0.988104 -0.457657 0.0826002
0.0833188 1.01986 -0.467787 0.0807057
0.0911753 1.01337 -0.473662 0.0877733
0.0906724 1.01389 -0.474458 0.0880928
0.112687 0.968464 -0.36934 0.0747147
0.111367 0.966709 -0.367482 0.0744404
0.139705 1.00044 -0.333308 0.0701415
0.097278 0.909752 -0.319757 0.0560195
-0.0376913 0.929483 -0.282672 0.0627836
-0.00476252 0.923059 -0.238201 0.0230773
-0.00553222 0.921013 -0.234509 0.0196825
0.0154295 0.912067 -0.243401 0.0254455
0.120788 0.92766 -0.278738 0.0249023
0.122052 0.924252 -0.275076 0.0212231
-0.0321177 0.941835 -0.315878 0.0566783
0.0650724 0.916451 -0.303104 0.0569057
0.107797 0.954627 -0.315161 0.0616144
0.0984344 0.954038 -0.321735 0.0703205
0.119453 0.962858 -0.31373 0.0563565
0.133364 0.967824 -0.307648 0.0508282
0.110175 0.963627 -0.306373 0.0502494
0.0583564 0.959304 -0.285415 0.0702822
0.0569029 0.95712 -0.289645 0.0737825
-0.0258814 0.949746 -0.281477 0.0708679
-0.0444101 0.953989 -0.301882 0.077623
-0.0217574 0.915554 -0.317133 0.0356056
-0.0367653 0.945423 -0.311673 0.0635305
-0.0374795 0.959635 -0.297735 0.0784516
0.0267039 0.907982 -0.26259 0.0387294
0.015415 0.941292 -0.273163 0.059514
0.0815607 0.942743 -0.262779 0.04279
0.114016 0.920812 -0.2626 0.0108452
-0.036756 0.924444 -0.282585 0.0591087
-0.0399548 0.941936 -0.283824 0.0723408
-0.0397531 0.942616 -0.284047 0.0726387
0.105965 0.891986 -0.318248 0.0515804
-0.0370393 0.931492 -0.289941 0.0616787
0.0219997 0.919918 -0.265757 0.0440463
0.0183886 0.932643 -0.271606 0.0537533
0.128807 0.951185 -0.294548 0.0413923
0.02307 0.927465 -0.271546 0.0510891
0.0540054 0.964427 -0.264006 0.0684624
0.108352 0.926352 -0.262804 0.0156681
0.00407329 0.941875 -0.262786 0.0513214
0.118261 0.953584 -0.304449 0.0507799
0.110432 0.944177 -0.298376 0.0479848
0.118103 0.933358 -0.285898 0.032525
0.0125439 0.973327 -0.277946 0.0813883
0.0207257 0.990802 -0.264997 0.0868991
0.0215831 0.992481 -0.263274 0.0874956
0.0267624 0.984269 -0.271577 0.0861087
0.0271454 0.983431 -0.272347 0.0860007
0.0296629 0.978962 -0.277255 0.0853195
-0.0393439 0.939228 -0.285886 0.0694982
0.111798 0.942991 -0.296603 0.0459203
0.0771742 0.860818 -0.300651 0.024403
0.123327 0.940816 -0.287625 0.0356662
0.111679 0.943137 -0.296752 0.0461236
-0.0305523 0.944418 -0.282079 0.0690527
0.103889 0.943578 -0.289008 0.0417376
-0.0336241 0.945057 -0.28265 0.0710308
-0.041237 0.939509 -0.282025 0.0703707
-0.0290663 0.926415 -0.309462 0.0486708
0.0341276 0.938444 -0.278598 0.0602348
-0.0469469 0.927301 -0.272219 0.0612935
0.0988044 0.863663 -0.304027 0.0201553
0.00919169 0.949209 -0.275239 0.0650133
-0.041229 0.92993 -0.269766 0.0579137
0.0221073 0.922157 -0.268048 0.0466325
0.0743099 0.902352 -0.303446 0.0509163
0.00567296 0.953318 -0.276037 0.0681015
0.139888 0.964238 -0.457193 0.054242
0.024168 0.915991 -0.265941 0.0428885
0.0436549 0.957818 -0.28583 0.0766099
0.0273736 0.942448 -0.277084 0.0615249
0.0196894 0.929774 -0.271184 0.052085
-0.0086711 0.927521 -0.276744 0.0480552
-0.0211963 0.972242 -0.552365 0.06138
0.0291576 0.922441 -0.272542 0.0493252
0.0218086 0.922871 -0.268307 0.0470836
0.10183 0.930573 -0.331931 0.0637298
0.0373555 0.935567 -0.279857 0.0590374
0.0981419 0.863653 -0.303682 0.0199905
0.0478137 0.988557 -0.53324 0.0668444
0.148292 0.959746 -0.461555 0.0491627
0.105002 0.893463 -0.31855 0.051956
-0.0396927 0.945631 -0.299237 0.0705994
-0.0395991 0.960059 -0.290939 0.0831321
-0.0363353 0.960878 -0.289563 0.082314
-0.0353041 0.961118 -0.289195 0.0820542
-0.0222473 0.963941 -0.285345 0.0796114
-0.0144784 0.965495 -0.283512 0.079015
-0.00916678 0.966457 -0.282626 0.0788635
0.0109001 0.969771 -0.280438 0.08093
-0.0169429 0.953483 -0.280052 0.0707649
0.0993504 0.904675 -0.319826 0.0546887
0.100227 0.91897 -0.326519 0.0595181
0.12923 0.962142 -0.472457 0.062455
0.0960145 0.93244 -0.324324 0.0640835
-0.0249062 0.964924 -0.566199 0.0581059
0.0742933 0.898692 -0.302406 0.0496727
0.074424 0.891338 -0.299879 0.0475338
0.0737268 0.891088 -0.299598 0.0474971
0.0899287 0.896403 -0.308511 0.0497923
0.0885241 0.901423 -0.309752 0.051462
0.0918217 0.901668 -0.312104 0.051987
0.0820143 0.900431 -0.305961 0.0504558
0.103374 0.896116 -0.319239 0.0528057
0.100729 0.901577 -0.319717 0.0539489
0.121145 0.95619 -0.375075 0.0654257
0.0890563 0.863243 -0.298803 0.0202555
0.108224 0.98508 -0.455311 0.0785275
0.158811 0.959012 -0.435426 0.0413441
0.159648 0.95872 -0.435656 0.0408094
0.166204 0.949265 -0.42122 0.0364699
0.111504 0.990534 -0.441333 0.079169
0.117942 0.984276 -0.444682 0.072275
0.155787 0.959881 -0.44322 0.0425065
0.0811685 0.861231 -0.303124 0.0220351
0.0738894 0.85931 -0.298667 0.0260652
0.0928383 0.864442 -0.310424 0.0223193
0.0816668 0.861338 -0.303435 0.021837
0.102345 0.929102 -0.332368 0.0632949
0.120137 1.00483 -0.404375 0.0804515
0.0933109 0.952344 -0.322621 0.0734475
0.0964323 0.957967 -0.329243 0.0749429
0.0947553 0.95346 -0.324503 0.0738483
0.103369 0.965058 -0.377933 0.0648252
0.0945845 0.962436 -0.412815 0.047178
0.146181 0.94887 -0.485252 0.0569714
0.143439 0.950464 -0.483286 0.0575696
0.0850896 0.955833 -0.449498 0.0513285
0.139826 1.01325 -0.402257 0.0681315
0.109043 0.989314 -0.440115 0.0780118
0.135747 1.01123 -0.403991 0.0699167
0.104405 0.960177 -0.349713 0.0739411
0.117663 0.997027 -0.419367 0.079105
0.124008 1.00473 -0.410222 0.0761729
0.118803 1.00188 -0.412875 0.0796889
0.110311 0.990801 -0.440835 0.0794926
0.106628 0.989389 -0.450243 0.0810158
0.109276 0.990616 -0.444318 0.0802021
0.118662 1.0014 -0.413641 0.0796137
0.136799 1.0011 -0.419075 0.0627861
0.118541 0.984037 -0.396417 0.0759189
0.120408 1.00536 -0.402895 0.0806599
0.10965 0.969559 -0.359458 0.0743615
0.109021 0.962962 -0.363991 0.0739632
0.106091 0.96168 -0.365994 0.0711191
-0.0210184 0.958981 -0.308352 0.0641122
-0.017861 0.958501 -0.319601 0.0529921
0.0420873 0.963333 -0.371034 0.0131568
0.103088 0.960567 -0.344292 0.0747212
0.102812 0.960607 -0.343126 0.0749228
0.0987192 0.959449 -0.3477 0.0697374
-0.0210271 0.95899 -0.30832 0.0641426
0.121293 0.98429 -0.405399 0.0735797
0.119837 0.977122 -0.389668 0.0726618
-0.0255707 0.964399 -0.566433 0.0583928
-0.00367554 0.974392 -0.561349 0.0494077
-0.0182138 0.96877 -0.564357 0.0549598
0.141388 0.967981 -0.439039 0.0525372
0.147556 0.961457 -0.457533 0.0492227
0.169194 0.972311 -0.458328 0.0259748
0.158168 0.953965 -0.477793 0.0463485
0.0118745 0.976057 -0.571215 0.0408286
0.00663286 0.974459 -0.572104 0.0412655
0.00701446 0.975333 -0.569635 0.042322
-0.022156 0.980031 -0.53422 0.070869
-0.022382 0.977035 -0.539689 0.067947
-0.0210622 0.980927 -0.534052 0.070864
-0.021007 0.980561 -0.534837 0.0704027
-0.0242777 0.975299 -0.540335 0.0679546
-0.0292245 0.965596 -0.554601 0.0635634
-0.0204137 0.978629 -0.539088 0.0678839
-0.0197087 0.976957 -0.543978 0.0649696
0.178929 0.954757 -0.444827 0.0240591
0.160419 1.00532 -0.42159 0.0442559
0.160563 0.958023 -0.43457 0.0401178
0.154625 0.954517 -0.418208 0.0429518
0.134432 0.958069 -0.474843 0.0601343
0.149051 0.958557 -0.415614 0.0464809
0.134029 0.957178 -0.47629 0.0605991
0.178195 0.97608 -0.457688 0.0169819
0.173537 0.95151 -0.46802 0.0293463
0.148956 0.9588 -0.415929 0.0465759
0.179872 0.962815 -0.469362 0.022459
0.177246 0.957 -0.437737 0.0292891
0.163311 0.957904 -0.454406 0.0358696
0.14538 0.964733 -0.441308 0.0496618
0.158006 0.953962 -0.477751 0.0464388
0.148596 0.959328 -0.462311 0.0490687
0.12942 0.961985 -0.472559 0.0623611
0.171619 0.958039 -0.440668 0.0319661
0.160746 0.959801 -0.447263 0.03863
0.165644 0.959141 -0.445593 0.0351607
0.168772 0.958577 -0.443139 0.0332865
0.155199 0.953363 -0.416943 0.0425348
0.144396 0.953229 -0.478887 0.0556876
0.158053 0.954078 -0.477434 0.0462729
0.157213 0.955379 -0.473786 0.0453622
0.113195 0.980138 -0.458097 0.0737154
0.107144 0.982862 -0.460135 0.0786956
0.131033 0.963882 -0.467657 0.0605099
0.135828 0.967718 -0.454754 0.0567632
0.148462 0.963886 -0.432765 0.0483461
0.141969 0.945384 -0.490572 0.0613001
0.110492 0.975699 -0.466602 0.0745549
0.154718 0.96022 -0.445484 0.0432626
0.151332 0.960415 -0.453854 0.046032
0.13587 0.959968 -0.470101 0.0581571
0.146493 0.954893 -0.474425 0.0529772
0.145672 0.955187 -0.47412 0.053358
0.140524 0.964736 -0.455208 0.0538008
0.117267 0.991418 -0.421302 0.0780883
0.159235 0.958578 -0.434531 0.0409815
0.116547 0.991524 -0.423693 0.0781376
0.126245 0.982864 -0.424822 0.0680071
0.124525 0.983492 -0.428794 0.0686898
0.110727 0.99132 -0.441072 0.0799848
0.110795 0.991348 -0.440927 0.0799753
0.116956 0.991769 -0.421162 0.0784635
0.116307 0.991811 -0.423522 0.0784445
0.111629 0.97838 -0.462686 0.0745716
0.103072 0.964343 -0.48361 0.0791867
0.10655 0.980425 -0.463419 0.0782023
0.101764 0.9573 -0.491723 0.0816094
0.118693 0.987426 -0.404075 0.0768403
0.118063 0.988823 -0.408994 0.0770496
0.117202 0.990991 -0.417833 0.0779402
0.128601 0.959078 -0.38557 0.0610932
0.120656 0.969437 -0.382894 0.0698497
0.104476 0.933222 -0.44561 0.0316743
0.119373 0.929896 -0.446218 0.0262903
0.123107 0.982248 -0.406253 0.0713972
0.126302 0.974334 -0.399529 0.0663349
0.138584 0.961922 -0.403159 0.0536159
0.143448 0.949964 -0.396164 0.0489186
0.133847 0.952739 -0.387116 0.0562318
0.132498 0.955705 -0.3882 0.0574669
0.129792 0.96438 -0.392866 0.0610612
0.133925 0.971932 -0.410461 0.0595987
