0.142741 1.19399 -0.400236 0.059366
0.145343 1.2056 -0.410664 0.0653121
0.127892 1.227 -0.446263 0.0751486
0.117415 1.19921 -0.400835 0.045563
0.0805676 1.2001 -0.49278 0.0611035
0.117189 1.23331 -0.449088 0.0767033
0.137165 1.14525 -0.472078 0.0128049
0.147354 1.18774 -0.393864 0.0599198
0.138332 1.17392 -0.391479 0.0507558
0.117018 1.1993 -0.40082 0.0453926
0.139572 1.1787 -0.39279 0.0527107
0.113822 1.25398 -0.437963 0.0599844
0.1398 1.19165 -0.399098 0.0570198
0.122098 1.22372 -0.427904 0.0649202
0.117862 1.23288 -0.448935 0.0765803
0.113107 1.23626 -0.449755 0.0772611
0.165626 1.23112 -0.513768 0.0590831
0.131125 1.21561 -0.419826 0.0629894
0.178563 1.19563 -0.423409 0.0587059
0.113053 1.24391 -0.476258 0.0801715
0.122925 1.22021 -0.42149 0.0618214
0.163446 1.21054 -0.416376 0.0708497
0.142714 1.21509 -0.428497 0.0698486
0.143652 1.20627 -0.411614 0.0650249
0.125109 1.21505 -0.41474 0.0589567
0.139834 1.20798 -0.412516 0.0635222
0.134328 1.25641 -0.443384 0.052318
0.124281 1.23596 -0.490171 0.0880417
0.0873103 1.175 -0.495232 0.0540054
0.123149 1.23513 -0.490318 0.0878361
0.125753 1.24066 -0.506396 0.0826009
0.105728 1.17109 -0.399362 0.0257291
0.143889 1.24078 -0.506315 0.0745011
0.128011 1.2421 -0.503461 0.0842102
0.109968 1.23714 -0.445066 0.0744214
0.125416 1.17863 -0.395825 0.0426325
0.0843669 1.16784 -0.496226 0.0488265
0.120751 1.22716 -0.435064 0.0685428
0.153716 1.2125 -0.422217 0.069543
0.140801 1.27827 -0.502059 0.0639716
0.0843809 1.16785 -0.496224 0.0488372
0.13088 1.29658 -0.478969 0.0408162
0.181167 1.17158 -0.501381 0.0262514
0.131026 1.21213 -0.414126 0.0605664
0.0865029 1.17319 -0.495626 0.0526878
0.0843825 1.16786 -0.496223 0.0488403
0.153741 1.22662 -0.49061 0.0709151
0.147003 1.19182 -0.397106 0.0607016
0.0789691 1.14919 -0.49809 0.0371423
0.106397 1.23281 -0.475896 0.0846943
0.0701736 1.13905 -0.500517 0.0328368
0.144023 1.2123 -0.42243 0.0681878
0.0874795 1.17532 -0.495184 0.0542372
0.125103 1.19682 -0.400958 0.049102
0.144518 1.28457 -0.499219 0.0582125
0.130764 1.21884 -0.426114 0.0655832
0.200697 1.1818 -0.475149 0.0451159
0.144966 1.19287 -0.398725 0.0600803
0.116392 1.24194 -0.452186 0.073972
0.118951 1.17234 -0.398019 0.0348168
0.136662 1.19695 -0.402397 0.056586
0.127255 1.20141 -0.404082 0.0524143
0.0593091 1.19076 -0.495098 0.0496636
0.0793884 1.1892 -0.494853 0.0562495
0.140894 1.19492 -0.401291 0.0587313
0.0675696 1.23741 -0.47953 0.0605279
0.131265 1.17085 -0.395054 0.0437662
0.162383 1.20006 -0.398095 0.0692369
0.108284 1.17993 -0.396013 0.0320537
0.117049 1.19935 -0.400847 0.0454369
0.135133 1.19338 -0.399984 0.0543492
0.131071 1.21248 -0.41461 0.0608071
0.144708 1.18921 -0.396051 0.058928
0.0757008 1.23789 -0.471881 0.0617927
0.137441 1.21771 -0.430313 0.0690164
0.116283 1.23484 -0.455983 0.0806388
0.142401 1.2152 -0.428639 0.0698359
0.119689 1.20495 -0.404661 0.0497016
0.13004 1.22171 -0.432583 0.0683479
0.134018 1.17651 -0.394078 0.0483617
0.101294 1.17905 -0.395692 0.0282001
0.109355 1.18804 -0.39696 0.0358282
0.101629 1.17934 -0.395656 0.0285032
0.10227 1.17934 -0.395746 0.0288176
0.103434 1.17955 -0.395885 0.0294875
0.142206 1.1905 -0.397766 0.0579773
0.104295 1.1808 -0.395857 0.0304178
0.1033 1.18095 -0.395699 0.0299577
0.106767 1.18478 -0.396444 0.0330617
0.13558 1.18068 -0.39504 0.0506123
0.121239 1.23353 -0.490033 0.0872683
0.185784 1.18754 -0.497843 0.0408164
0.155208 1.20234 -0.403592 0.0669001
0.139665 1.19136 -0.398996 0.0568094
0.136602 1.18377 -0.396235 0.0520973
0.133771 1.18139 -0.395614 0.0495206
0.135204 1.18085 -0.3952 0.0504047
0.131123 1.17753 -0.395008 0.0465354
0.133073 1.17694 -0.394483 0.0478107
0.129277 1.17167 -0.395904 0.0425086
0.126119 1.17223 -0.396778 0.0402354
0.121075 1.16144 -0.400818 0.0313711
0.11529 1.16205 -0.402514 0.0271539
0.113961 1.17986 -0.396362 0.0353704
0.0691166 1.21469 -0.490406 0.0580375
0.118301 1.18597 -0.397296 0.0402335
0.128658 1.18304 -0.396498 0.0462548
0.0771486 1.20623 -0.491869 0.0607883
0.0767356 1.24334 -0.478095 0.0632891
0.0990614 1.23485 -0.475214 0.0798293
0.0830145 1.30811 -0.464483 0.0292111
0.123203 1.21604 -0.415009 0.0586261
0.142631 1.20129 -0.406596 0.0621302
0.0469773 1.25166 -0.482764 0.0510412
0.099427 1.23473 -0.475216 0.080089
0.0995501 1.23476 -0.475144 0.0801731
0.171975 1.2674 -0.44756 0.0405697
0.123235 1.2167 -0.41591 0.0591257
0.0481456 1.23574 -0.483704 0.0533174
0.15539 1.19614 -0.397217 0.0653223
0.0926956 1.29813 -0.466886 0.0334655
0.115251 1.30117 -0.461456 0.0284519
0.0768237 1.24327 -0.478083 0.0633659
0.168481 1.29283 -0.451663 0.02005
0.135492 1.24272 -0.504132 0.0804166
0.107594 1.28905 -0.470748 0.0421214
0.0755835 1.2697 -0.474558 0.0475896
0.0721135 1.23868 -0.477912 0.0629935
0.143552 1.20927 -0.416511 0.0663643
0.139499 1.21125 -0.417701 0.0650733
0.144793 1.20886 -0.41591 0.0665278
0.143746 1.2092 -0.416425 0.0663982
0.158988 1.24064 -0.455323 0.0652527
0.143277 1.2149 -0.428219 0.0698417
0.15159 1.27625 -0.436481 0.028566
0.177 1.21756 -0.473928 0.0611904
0.138625 1.21476 -0.424137 0.0670077
0.119259 1.2335 -0.486319 0.0875948
0.142245 1.2156 -0.42965 0.0701203
0.163993 1.19951 -0.396818 0.0699129
0.118562 1.23111 -0.444323 0.0736643
0.14396 1.20615 -0.411479 0.0650963
0.145356 1.20538 -0.410432 0.065198
0.14365 1.20624 -0.41158 0.0650128
0.154215 1.21004 -0.416763 0.0685901
0.143554 1.2009 -0.406135 0.062389
0.163685 1.2082 -0.411226 0.0704384
0.145287 1.20019 -0.405103 0.0627958
0.143279 1.21253 -0.422775 0.068144
0.143082 1.2126 -0.422857 0.0681218
0.139836 1.20807 -0.412645 0.0635708
0.145331 1.2057 -0.410797 0.0653489
0.116396 1.23252 -0.482529 0.0877719
0.154772 1.20643 -0.409962 0.0676336
0.163914 1.20445 -0.40422 0.0700994
0.210395 1.25993 -0.427811 0.0313387
0.132275 1.28401 -0.441634 0.0299113
0.155141 1.20319 -0.40475 0.0670614
0.164 1.20112 -0.398964 0.0700041
0.184409 1.18287 -0.499337 0.0362928
0.113631 1.23244 -0.475686 0.0887994
0.129461 1.20705 -0.408884 0.0565853
0.123187 1.21594 -0.414889 0.058545
0.163995 1.19959 -0.396915 0.0699232
0.119142 1.23126 -0.468188 0.0850802
0.112458 1.23126 -0.477025 0.0885047
0.121741 1.21048 -0.409341 0.0540412
0.138679 1.20301 -0.407486 0.0603214
0.14396 1.20612 -0.411432 0.0650811
0.146118 1.19985 -0.404522 0.0629508
0.0614145 1.28685 -0.474773 0.0386447
0.119567 1.27783 -0.480396 0.05533
0.10295 1.29453 -0.468132 0.0367788
0.119866 1.25708 -0.447063 0.0590162
0.0680591 1.28248 -0.474402 0.0403477
0.0938118 1.2436 -0.474867 0.0713301
0.115336 1.23485 -0.458296 0.0814251
0.0814693 1.29239 -0.469882 0.0362241
0.125431 1.29654 -0.471814 0.0363427
0.117955 1.30273 -0.461497 0.0271201
0.118303 1.24977 -0.447934 0.0659947
0.104695 1.28715 -0.470886 0.0431735
0.104491 1.23282 -0.46479 0.0800524
0.123206 1.23132 -0.45761 0.0811167
0.0632112 1.23803 -0.480145 0.0586162
0.120505 1.29934 -0.465119 0.0310943
0.144289 1.24136 -0.50676 0.0740159
0.115287 1.28262 -0.472623 0.0482734
0.118687 1.25393 -0.444799 0.0616059
0.112124 1.23387 -0.46444 0.0828368
0.115096 1.23536 -0.454574 0.0799312
0.111548 1.2347 -0.458254 0.0799457
0.113012 1.23264 -0.475243 0.0884996
0.107756 1.25659 -0.476402 0.0688362
0.0978848 1.28054 -0.471255 0.0465834
0.135154 1.26607 -0.504937 0.0737008
0.115696 1.29268 -0.466522 0.037283
0.122506 1.23471 -0.490231 0.087738
0.113025 1.23828 -0.448274 0.0751826
0.111861 1.2489 -0.439563 0.0643696
0.11308 1.24574 -0.443585 0.0680499
0.115803 1.23862 -0.453983 0.0773247
0.11563 1.23521 -0.455809 0.0805973
0.122692 1.29763 -0.468129 0.0336885
0.187421 1.19362 -0.49272 0.0472607
0.125112 1.23034 -0.458014 0.0813577
0.124734 1.23037 -0.458889 0.0816372
0.118818 1.25276 -0.447599 0.0631972
0.157022 1.30389 -0.484874 0.0392124
0.115743 1.30702 -0.458249 0.0228818
0.112726 1.25383 -0.477901 0.0729126
0.0962052 1.26459 -0.474958 0.0583167
0.0921227 1.26763 -0.47472 0.0546865
0.0695639 1.23894 -0.478326 0.0616854
0.113321 1.23266 -0.475302 0.0886304
0.111507 1.28183 -0.473819 0.049401
0.112781 1.27993 -0.47452 0.0513523
0.110915 1.23144 -0.476358 0.0878197
0.133489 1.26235 -0.50498 0.0762512
0.101718 1.27121 -0.473729 0.0551315
0.122063 1.23437 -0.490167 0.0876375
0.110346 1.26363 -0.476542 0.0640564
0.0877096 1.27162 -0.474283 0.0505022
0.110564 1.23233 -0.475023 0.0875235
0.0989771 1.21207 -0.489012 0.0762032
0.0689873 1.23912 -0.478428 0.0613535
0.0819563 1.22889 -0.480728 0.0668147
0.0603874 1.2478 -0.480404 0.0549956
0.0477395 1.24399 -0.482614 0.0528164
0.0889383 1.2695 -0.474515 0.052306
0.0407784 1.21935 -0.491249 0.0515406
0.0510208 1.21477 -0.491609 0.0521645
0.0553173 1.21685 -0.490493 0.0533952
0.0736262 1.23861 -0.477673 0.0637754
0.0843521 1.23737 -0.476425 0.0698958
0.109134 1.23278 -0.469871 0.084345
0.0958478 1.23361 -0.476564 0.0772887
0.10864 1.23209 -0.476201 0.0862308
0.0769269 1.24325 -0.478072 0.0634259
0.123673 1.23629 -0.50466 0.0823883
0.121176 1.23125 -0.501767 0.0818562
0.113593 1.22063 -0.497487 0.0795199
0.163029 1.27263 -0.46264 0.0384549
0.107673 1.23376 -0.461974 0.0800041
0.103734 1.23291 -0.4639 0.0792957
0.101397 1.23417 -0.470863 0.0798817
0.109855 1.23253 -0.47497 0.087028
0.113571 1.25344 -0.47825 0.0735418
0.109755 1.23241 -0.473488 0.0864253
0.108446 1.23248 -0.471051 0.0846807
0.101555 1.23343 -0.460148 0.076603
0.101199 1.23462 -0.474895 0.0812578
0.100274 1.23574 -0.474957 0.0800179
0.102787 1.23424 -0.47497 0.0822984
0.132185 1.29884 -0.478069 0.0388794
0.123744 1.28048 -0.485071 0.0552525
0.114443 1.27083 -0.476551 0.0592903
0.117768 1.2566 -0.457488 0.0619271
0.114402 1.26056 -0.478271 0.0680354
0.186808 1.19326 -0.496115 0.0461198
0.163216 1.24177 -0.452748 0.0627984
0.119946 1.25026 -0.447614 0.0646963
0.121372 1.27842 -0.482265 0.0556501
0.118402 1.27119 -0.480387 0.0601667
0.126295 1.27478 -0.45617 0.0426555
0.114596 1.26055 -0.478464 0.0680898
0.15409 1.28096 -0.435236 0.0238596
0.113123 1.24494 -0.47647 0.0794337
0.113388 1.25118 -0.477692 0.0750515
0.114044 1.24907 -0.472947 0.074447
0.217362 1.26443 -0.407374 0.0161357
0.11441 1.25998 -0.478299 0.0684995
0.116327 1.25702 -0.466566 0.0649178
0.162169 1.29007 -0.468837 0.0297849
0.187166 1.25136 -0.425883 0.0491734
0.153028 1.23611 -0.508091 0.0682861
0.114675 1.27489 -0.476083 0.0560455
0.115334 1.27749 -0.476287 0.054157
0.114723 1.27757 -0.475728 0.0539257
0.112776 1.31442 -0.453758 0.0171722
0.167438 1.22333 -0.473111 0.0653777
0.188728 1.27183 -0.428225 0.0347003
0.164822 1.2315 -0.5133 0.0597259
0.166919 1.26738 -0.454946 0.040928
0.150226 1.24792 -0.511326 0.0675625
0.143265 1.23929 -0.504852 0.0753524
0.129649 1.24292 -0.501703 0.0850968
0.170723 1.26366 -0.448802 0.0437725
0.194439 1.2835 -0.426933 0.0234069
0.136353 1.24841 -0.49129 0.0756026
0.145581 1.26723 -0.50705 0.065182
0.174349 1.29151 -0.438341 0.020861
0.151856 1.246 -0.467684 0.0636731
0.158106 1.28145 -0.474497 0.0384477
0.108726 1.21116 -0.503236 0.0748124
0.146236 1.23025 -0.490326 0.0755906
0.131877 1.25565 -0.502944 0.0792609
0.121708 1.2337 -0.491106 0.0870803
0.125587 1.23862 -0.501842 0.0845095
0.14648 1.23556 -0.46909 0.0742788
0.12235 1.23452 -0.490685 0.0875809
0.163235 1.24592 -0.516873 0.0582333
0.131961 1.25297 -0.505774 0.080519
0.142089 1.25622 -0.487792 0.0663861
0.155255 1.2531 -0.513228 0.0622497
0.109653 1.21413 -0.501563 0.0764948
0.153607 1.27963 -0.503223 0.0539983
0.135379 1.26681 -0.50496 0.0732629
0.13596 1.26682 -0.50503 0.0728237
0.136425 1.26687 -0.505124 0.0724331
0.148099 1.26882 -0.507166 0.0626769
0.165216 1.28061 -0.460462 0.0314948
0.17202 1.26871 -0.4477 0.0394308
0.168033 1.27454 -0.454445 0.0347833
0.170578 1.28865 -0.448232 0.0224488
0.152471 1.29512 -0.491529 0.0469783
0.15142 1.29401 -0.492701 0.0484107
0.174229 1.27652 -0.443665 0.0326722
0.167077 1.29681 -0.45457 0.0186524
0.165622 1.30275 -0.458518 0.0184076
0.172363 1.26834 -0.447206 0.0397739
0.14372 1.23323 -0.470918 0.0773896
0.143534 1.26586 -0.440504 0.0403629
0.184142 1.30763 -0.428516 0.0136694
0.164369 1.31309 -0.427039 0.0141561
0.198347 1.29004 -0.424335 0.0163383
0.13519 1.25706 -0.443121 0.0513873
0.127265 1.2399 -0.500193 0.0855053
0.16017 1.24274 -0.454523 0.0631203
0.159869 1.24225 -0.454725 0.0636255
0.200552 1.25842 -0.414668 0.0330889
0.188702 1.19327 -0.513614 0.0391689
0.124874 1.23693 -0.497676 0.0859356
0.188421 1.25915 -0.428578 0.0438414
0.118437 1.22121 -0.467735 0.0770528
0.118838 1.2282 -0.468041 0.082639
0.135483 1.25377 -0.444731 0.0543635
0.110899 1.21213 -0.516018 0.070772
0.228893 1.26395 -0.420765 0.0152768
0.181792 1.21472 -0.518011 0.047951
0.122702 1.23482 -0.490512 0.0877186
0.181337 1.23825 -0.424012 0.0574152
0.187131 1.24965 -0.427195 0.0508746
0.188331 1.24903 -0.435068 0.0539128
0.130522 1.23628 -0.489947 0.0857805
0.1613 1.22636 -0.472561 0.068217
0.178327 1.19045 -0.426965 0.0527643
0.110358 1.21183 -0.511715 0.0720659
0.123494 1.23513 -0.498994 0.0846792
0.142883 1.1945 -0.489397 0.0436355
0.177638 1.21266 -0.506634 0.0525044
0.108611 1.21361 -0.498939 0.0771027
0.128825 1.24086 -0.498912 0.0861904
0.128192 1.24362 -0.505475 0.0831773
0.128175 1.24388 -0.505784 0.0829734
0.128871 1.24376 -0.504431 0.0836895
0.187199 1.19169 -0.492555 0.0456369
0.112285 1.2166 -0.513189 0.0732746
0.111662 1.21585 -0.509735 0.0741775
0.12421 1.2304 -0.460074 0.0820155
0.158168 1.23056 -0.455048 0.073116
0.153003 1.23179 -0.458399 0.0744263
0.149737 1.23234 -0.463019 0.0751462
0.163299 1.21152 -0.418905 0.0710451
0.170742 1.21634 -0.42386 0.0720826
0.174119 1.21568 -0.422037 0.0730837
0.174116 1.21562 -0.421923 0.073098
0.153561 1.2131 -0.423775 0.0698043
0.140511 1.20624 -0.436287 0.0607189
0.142974 1.21575 -0.430413 0.070466
0.142418 1.21603 -0.430971 0.0705784
0.142014 1.21628 -0.431445 0.0706713
0.136509 1.2111 -0.439886 0.0645718
0.141809 1.21646 -0.431747 0.0707259
0.13379 1.22381 -0.444481 0.0748458
0.134271 1.22335 -0.44368 0.0744874
0.141461 1.23086 -0.456691 0.0761599
0.125486 1.23017 -0.458082 0.0813911
0.124889 1.23028 -0.459015 0.081683
0.144919 1.23306 -0.469271 0.0768541
0.178317 1.19047 -0.427067 0.0527527
0.178317 1.1905 -0.427047 0.0527831
0.161873 1.22462 -0.501359 0.0638571
0.172015 1.23277 -0.51995 0.0538908
0.177839 1.21293 -0.508109 0.0521053
0.186839 1.19321 -0.496286 0.0460149
0.129953 1.24386 -0.502582 0.0846334
0.189118 1.21669 -0.529256 0.0433027
0.186632 1.19361 -0.496049 0.0463026
0.163922 1.22056 -0.491153 0.0646846
0.114441 1.22012 -0.510844 0.0747883
0.171014 1.19447 -0.498258 0.0400228
0.127124 1.23846 -0.49422 0.0873789
0.128226 1.23883 -0.494719 0.0870573
0.127929 1.23918 -0.495391 0.0872482
0.128018 1.23928 -0.495798 0.0871665
0.143365 1.23388 -0.497559 0.0765963
0.151718 1.23304 -0.503746 0.0700413
0.162591 1.22788 -0.507595 0.0622078
0.200684 1.19028 -0.475465 0.0500781
0.112386 1.2168 -0.514094 0.0730088
0.126077 1.23794 -0.496885 0.0865001
0.160567 1.22535 -0.50113 0.0646746
0.151534 1.23026 -0.498972 0.0710158
0.142873 1.23648 -0.501431 0.0763106
0.161861 1.22466 -0.501472 0.0638475
0.131453 1.25016 -0.505411 0.0817241
0.17116 1.23728 -0.520116 0.0540918
0.182462 1.21494 -0.519255 0.0474068
0.167428 1.23427 -0.516922 0.0573206
0.181222 1.21597 -0.518183 0.0484296
0.201471 1.18796 -0.475597 0.0492528
0.155988 1.23958 -0.511751 0.0651384
0.120424 1.23116 -0.510705 0.0777902
0.149658 1.24797 -0.511074 0.0680159
0.177774 1.213 -0.508067 0.0521651
0.154436 1.23804 -0.510332 0.0667504
0.180802 1.21567 -0.517273 0.0487844
0.165335 1.24755 -0.517977 0.0563717
0.174776 1.22038 -0.513759 0.0531115
0.172588 1.22201 -0.512354 0.0549275
0.171393 1.21837 -0.504911 0.0570653
0.171491 1.21786 -0.503672 0.0572246
0.173609 1.21336 -0.491867 0.0590599
0.191331 1.19325 -0.523144 0.036787
0.189887 1.1933 -0.518979 0.0378209
0.191727 1.18805 -0.521938 0.0350458
0.192431 1.19181 -0.486658 0.0468721
0.201571 1.18792 -0.475472 0.0493058
0.191954 1.18691 -0.522596 0.0344257
0.187491 1.18973 -0.500755 0.0416254
0.188999 1.19251 -0.493259 0.0456581
0.196616 1.19789 -0.475311 0.0525194
0.177454 1.20973 -0.492258 0.056714
0.182591 1.20193 -0.493484 0.051685
0.181324 1.20381 -0.492964 0.0529095
0.182775 1.20184 -0.49294 0.0517654
0.177522 1.21245 -0.505665 0.0527702
0.183336 1.20405 -0.509067 0.0462358
0.180004 1.21005 -0.509965 0.0494564
0.184368 1.20465 -0.514089 0.0447256
0.183994 1.20452 -0.512864 0.0451657
0.18924 1.20571 -0.525234 0.0409194
0.191398 1.20602 -0.52901 0.0399149
0.186897 1.19312 -0.496486 0.0458723
0.187149 1.19294 -0.498015 0.0449695
0.201572 1.18791 -0.475472 0.0493008
0.190995 1.1884 -0.519007 0.0356105
0.189949 1.1894 -0.515305 0.0368936
0.179737 1.2093 -0.489094 0.0560552
0.190625 1.2064 -0.474982 0.0559533
0.189007 1.20824 -0.474876 0.0567655
