-0.0450764 1.07471 -0.235699 0.0243498
-0.0843741 0.980987 -0.192593 0.0304772
-0.0941991 0.965772 -0.20033 0.0154054
-0.0896406 0.972797 -0.197652 0.0217135
-0.0932881 0.974266 -0.197747 0.0210241
-0.0678986 1.00697 -0.16732 0.0656738
-0.0636749 1.07116 -0.19694 0.0573296
-0.098333 0.955938 -0.20107 0.0100847
-0.0459896 1.07404 -0.234913 0.0250547
-0.097365 0.955511 -0.201357 0.0102075
-0.017656 1.01456 -0.130915 0.0881783
-0.119056 1.06503 -0.0831379 0.0860689
-0.0986883 1.11596 -0.0351453 0.0349773
-0.0575919 1.00432 -0.165922 0.0698125
-0.0510429 1.04135 -0.10947 0.101081
-0.0422302 1.07147 -0.237026 0.0246533
-0.111368 1.06154 -0.0936179 0.0905162
0.00802526 1.02906 -0.123521 0.0663441
-0.0817666 1.05868 -0.12986 0.109127
-0.0549916 1.07841 -0.245267 0.0146354
-0.0676385 1.04392 -0.105516 0.114614
-0.0861945 1.05463 -0.143455 0.101882
-0.08186 1.0564 -0.129885 0.109809
-0.0358754 0.959221 -0.0505909 0.0379118
-0.0571152 0.999419 -0.169469 0.0653049
-0.0767865 1.05002 -0.122735 0.111344
-0.0755802 1.04837 -0.123572 0.11053
-0.0941236 1.00506 -0.181435 0.0488756
-0.00807266 0.943352 -0.0415198 0.0189331
-0.0950638 0.958935 -0.201666 0.0120395
-0.0958621 0.959322 -0.201426 0.0119037
-0.105664 0.994189 -0.193433 0.0351146
-0.0917767 0.964675 -0.200676 0.0159146
-0.0905097 0.99971 -0.165908 0.0505345
-0.0981714 0.967181 -0.200488 0.0147626
-0.059624 1.00219 -0.169248 0.0659028
-0.0691591 1.00764 -0.16721 0.0655818
-0.0618073 1.01913 -0.150895 0.0848181
-0.0660087 1.0363 -0.136726 0.101874
-0.143406 1.01448 -0.143396 0.0406256
-0.0877336 0.982147 -0.192773 0.0296109
-0.0799085 1.05337 -0.131324 0.108402
-0.102025 0.961463 -0.201333 0.0112527
-0.097886 0.960141 -0.201154 0.0115309
-0.0790999 1.05225 -0.131914 0.10781
-0.0910405 0.964273 -0.20091 0.0160401
-0.0865493 0.971242 -0.198152 0.0222743
-0.0856512 0.970704 -0.198458 0.0223912
-0.0800301 0.979093 -0.193136 0.0314138
-0.076919 1.04943 -0.1335 0.106245
-0.0661458 1.03321 -0.134629 0.100682
-0.0734845 1.04566 -0.125018 0.109148
-0.0479125 1.07301 -0.22876 0.0297164
-0.0855676 0.970645 -0.198504 0.0223889
-0.181567 1.02949 -0.110217 0.0326845
0.0400661 1.06216 -0.103964 0.0289473
-0.0907865 1.14226 -0.0163213 0.0105789
-0.0904675 1.11226 -0.037112 0.0375743
-0.134937 1.03791 -0.117731 0.069742
-0.161636 1.03219 -0.113695 0.0485554
-0.171906 1.14329 -0.173106 0.0122377
-0.114063 1.07128 -0.103269 0.0818713
-0.0439043 1.08645 -0.25522 0.00509687
-0.00541692 1.06749 -0.100409 0.0594491
-0.123664 1.10551 -0.148161 0.0519439
-0.195162 1.03949 -0.103477 0.0210726
-0.143267 1.08549 -0.0582654 0.0732645
-0.113978 1.12305 -0.0307541 0.0358082
-0.0891336 1.13801 -0.017878 0.0121308
-0.113824 1.11081 -0.0394348 0.0440402
-0.0961788 1.08732 -0.0567401 0.0635025
-0.147363 1.08469 -0.0682282 0.0735854
-0.0597072 1.04677 -0.102218 0.106726
-0.159896 1.10644 -0.0889883 0.0560255
-0.12884 1.07093 -0.0813264 0.0807428
-0.161538 1.11603 -0.100973 0.0463164
-0.0615624 1.01713 -0.152882 0.0825816
-0.153145 1.08727 -0.0697791 0.0730917
-0.171954 1.1483 -0.172873 0.00782494
-0.169681 1.14225 -0.173469 0.0128042
-0.170795 1.13974 -0.174325 0.0155961
-0.121711 1.09191 -0.119914 0.0640962
-0.0430627 1.08481 -0.247923 0.0120875
-0.0455673 1.07389 -0.234518 0.02554
-0.0401079 1.05533 -0.102848 0.0902668
-0.156281 1.12522 -0.122584 0.0314633
-0.159859 1.09421 -0.0706637 0.0702255
-0.1489 1.1138 -0.114417 0.0416982
-0.125373 1.11603 -0.146622 0.0462038
-0.0902912 1.05136 -0.14959 0.0954533
-0.0659393 0.992176 -0.181143 0.0513195
-0.0849399 1.01536 -0.168143 0.0646447
-0.0718075 1.00074 -0.174991 0.0562183
-0.153248 1.12865 -0.130877 0.0269304
-0.148667 1.13245 -0.139742 0.0238799
-0.133541 1.1264 -0.153129 0.032778
-0.042746 1.09219 -0.257017 0.0038453
-0.162196 1.14669 -0.14797 0.0108165
-0.160192 1.13917 -0.138823 0.018205
-0.162307 1.14267 -0.142366 0.0152494
-0.155893 1.13863 -0.141205 0.0178133
-0.156485 1.14329 -0.145502 0.0134423
-0.0635514 1.07122 -0.197254 0.0570479
-0.04187 1.08896 -0.252415 0.00721118
-0.0671002 1.07127 -0.20181 0.0530008
-0.0645593 1.03217 -0.138583 0.0991709
0.0438325 1.07398 -0.0983406 0.0197288
-0.0602829 1.07334 -0.205173 0.0498475
-0.0515893 1.07271 -0.220433 0.0362993
-0.0714356 0.978326 -0.173292 0.0405948
-0.042027 1.08523 -0.249839 0.0105233
-0.0505206 1.07273 -0.222332 0.0347363
-0.0576695 1.07358 -0.209688 0.0456935
-0.0586993 1.07362 -0.208074 0.0471916
-0.0597994 1.07453 -0.222761 0.0340327
-0.0626839 1.07496 -0.224076 0.033203
-0.0573597 1.07353 -0.210129 0.045279
-0.044122 1.07667 -0.237983 0.0219081
-0.0437327 1.07859 -0.240506 0.0192942
-0.0573837 1.07415 -0.210055 0.0451079
-0.0572594 1.07677 -0.209883 0.0442134
-0.0562749 1.08329 -0.209878 0.0418432
-0.0630978 0.996898 -0.165806 0.0613586
-0.0896761 1.14578 -0.0158229 0.00831514
0.0301719 1.08311 -0.0974653 0.0280909
-0.0388432 1.0559 -0.102644 0.0891262
-0.0686138 0.982261 -0.172181 0.0453774
-0.0684803 1.06752 -0.185201 0.0679545
-0.0642663 1.07072 -0.195187 0.0588759
-0.0657073 1.06984 -0.192012 0.0617254
-0.0618754 1.07832 -0.196164 0.0543901
-0.0647821 1.03493 -0.135438 0.102255
-0.0823164 1.05499 -0.138994 0.105606
-0.0823372 1.0553 -0.13738 0.106366
-0.0750019 1.07504 -0.142726 0.0931492
-0.0823352 1.05667 -0.131522 0.109162
-0.0764293 1.07095 -0.142753 0.094948
-0.0677181 0.993338 -0.180438 0.0513049
-0.0643685 1.03445 -0.136671 0.101635
-0.0651122 1.03531 -0.134633 0.102677
-0.0696485 1.06658 -0.181215 0.0712449
-0.0668028 1.03751 -0.129606 0.105275
-0.0894811 1.12882 -0.0234751 0.0200574
-0.0472978 1.05197 -0.103465 0.0966692
-0.0258629 1.04294 -0.1117 0.0807662
-0.0917852 1.14553 -0.0154088 0.0104145
-0.0907864 1.14232 -0.0163123 0.0105536
-0.0200176 1.06011 -0.0837259 0.0666036
-0.088916 1.14224 -0.0165105 0.0090233
-0.0888123 1.13655 -0.0183392 0.0131511
-0.0845805 1.15346 -0.00398848 0.00612529
-0.0639269 1.04553 -0.105037 0.11136
-0.0615318 1.04644 -0.104814 0.109295
-0.0914544 1.14267 -0.0160189 0.0109668
-0.0925294 1.14566 -0.0151288 0.0111291
-0.0906378 1.13875 -0.0172423 0.0124946
-0.0952211 1.14068 -0.0170263 0.0145023
-0.0611151 1.04662 -0.104783 0.108922
-0.0166054 1.06521 -0.100063 0.0691717
-0.0182928 0.959161 -0.0488725 0.034191
-0.0271383 1.06099 -0.101477 0.0786444
-0.0585058 1.04766 -0.104674 0.106612
0.00479876 1.06742 -0.0730078 0.0432706
0.0281734 1.05605 -0.107612 0.0386251
-0.0339337 1.05776 -0.102063 0.0847893
-0.0166311 1.00486 -0.117134 0.0777867
-0.0179274 1.06454 -0.100205 0.0703885
0.00629459 1.05431 -0.107893 0.0532452
-0.0161706 1.05029 -0.108377 0.0713579
-0.0708768 1.04497 -0.106624 0.116265
-0.0717829 1.0649 -0.17498 0.0763834
-0.0762955 0.998027 -0.178929 0.050599
-0.00371741 0.935139 -0.0358294 0.0105452
-0.0847692 0.971653 -0.197849 0.023437
-0.0738044 1.03812 -0.0866197 0.113505
-0.0937396 0.958169 -0.20232 0.0122084
-0.0279262 1.06067 -0.101518 0.0793409
-0.0147675 1.065 -0.0962551 0.06609
0.0333683 1.0736 -0.0995931 0.0271684
-0.0789239 0.978516 -0.193461 0.0315909
0.027021 1.07659 -0.0791126 0.0245557
0.0165342 1.07181 -0.100171 0.04052
0.040662 1.0796 -0.0974361 0.0197843
0.0343113 1.08007 -0.0824551 0.0189524
0.0497314 1.06896 -0.0993114 0.0202113
0.0315743 1.0779 -0.0984096 0.0275018
-0.0956125 0.954575 -0.202211 0.0104566
-0.0937804 1.00738 -0.179564 0.0514826
-0.096914 1.00568 -0.182822 0.0482
-0.0956576 1.00552 -0.181951 0.0487512
-0.0646018 0.996802 -0.176444 0.0567685
-0.0919617 1.00893 -0.17743 0.0539548
-0.0710815 1.04011 -0.0934362 0.113258
-0.0704519 1.06609 -0.179084 0.0730066
-0.074166 0.997005 -0.179008 0.0508995
-0.0903234 0.963802 -0.201285 0.0160809
-0.0616427 1.01753 -0.152484 0.0830188
-0.07655 1.06058 -0.16042 0.088385
-0.0930543 1.05138 -0.152329 0.0934284
-0.0635358 1.02718 -0.143421 0.0935015
-0.0793477 0.988851 -0.186515 0.0400404
-0.0821347 0.989975 -0.186566 0.039437
-0.0687708 1.06723 -0.184295 0.068737
-0.0915255 1.00937 -0.17689 0.0546135
-0.0739787 0.986186 -0.187402 0.0408453
-0.0726168 0.98539 -0.187864 0.0409678
-0.0610779 1.07604 -0.233472 0.0250708
-0.0736405 1.00164 -0.174909 0.0559827
-0.0990412 0.995293 -0.189831 0.0373713
-0.0624229 0.995498 -0.177196 0.0568855
-0.0823079 1.05491 -0.139423 0.105403
-0.0567956 1.00044 -0.17028 0.0659677
-0.056105 1.001 -0.16935 0.067095
-0.053271 0.997921 -0.172719 0.0652842
-0.0538316 0.998572 -0.171997 0.0656605
-0.078895 1.031 -0.152234 0.0845387
-0.0718534 1.06751 -0.189247 0.0644592
-0.0793439 1.05749 -0.149648 0.0971775
-0.0831891 1.05485 -0.140323 0.1046
-0.0818841 1.05564 -0.141495 0.10379
-0.0762866 1.06092 -0.161329 0.0876252
-0.072962 1.06398 -0.171074 0.0795623
-0.0798826 1.05106 -0.139722 0.10355
-0.0665659 1.06618 -0.186541 0.0662095
-0.0698257 1.06741 -0.186445 0.0668667
-0.0685877 1.0674 -0.184896 0.0682344
-0.0729027 1.06405 -0.17131 0.0793727
-0.064669 1.03153 -0.139162 0.0984376
-0.0780642 1.05881 -0.154781 0.0929992
-0.0710579 1.05164 -0.154631 0.0902841
-0.0795613 1.05729 -0.148709 0.0979273
-0.0680443 1.02898 -0.144113 0.0925746
-0.0792749 1.0514 -0.138902 0.104422
-0.0789274 1.05101 -0.138868 0.104303
-0.0714595 1.04277 -0.137454 0.102702
