0.387251 0.778327 0.0600093 0.0349659
0.374041 0.79087 0.101253 0.0422127
0.431154 0.774284 0.0618593 0.0507707
0.421107 0.851591 0.105523 0.089966
0.382218 0.846019 0.0910556 0.0920457
0.380865 0.769873 0.060738 0.0286592
0.381414 0.780415 0.0603636 0.0361122
0.370261 0.756325 0.0689071 0.0183161
0.360954 0.78577 0.0831084 0.0383606
0.374929 0.764054 0.0643249 0.0233883
0.366828 0.785141 0.0606301 0.0422295
0.370324 0.755844 0.0688317 0.0178638
0.362591 0.825803 0.072928 0.0759197
0.426318 0.813603 0.0772288 0.0694457
0.373693 0.818706 0.0720864 0.0671388
0.386212 0.782173 0.10438 0.033264
0.364201 0.794 0.100703 0.047375
0.380023 0.741216 0.0826852 0.00414604
0.4299 0.804974 0.0891119 0.0638323
0.367216 0.755628 0.0671536 0.0193266
0.390005 0.80713 0.0691596 0.0553701
0.422844 0.804569 0.116079 0.0578325
0.380561 0.847207 0.0905175 0.0933702
0.385123 0.770168 0.0463203 0.0191106
0.392998 0.783122 0.105922 0.0347273
0.440895 0.857346 0.167355 0.061372
0.342951 0.790548 0.0728563 0.0392487
0.391148 0.837088 0.130729 0.0588581
0.393106 0.77586 0.0591865 0.0343562
0.438029 0.990568 0.106356 0.0865674
0.386197 0.759874 0.0564039 0.02044
0.407333 0.836405 0.192191 0.0166486
0.356983 0.801263 0.0623905 0.0571945
0.411362 0.872379 0.0991832 0.105912
0.413958 0.870971 0.0864295 0.101354
0.455128 0.985268 0.136187 0.0722529
0.407415 0.888324 0.00521689 0.0558142
0.376361 0.993124 0.0810523 0.0891691
0.391453 0.767665 0.059921 0.0290572
0.453736 0.833532 0.0475496 0.0581101
0.427548 1.02518 0.0970033 0.0566781
0.429714 0.846996 0.113635 0.0837059
0.427647 0.863335 0.114104 0.0921848
0.432745 0.773725 0.0698951 0.0477074
0.397505 1.00929 0.103529 0.0753168
0.399788 0.857682 0.149301 0.0612339
0.471981 0.85835 0.0335867 0.0641636
0.400983 0.759906 0.0892405 0.0117836
0.406644 0.873422 0.0944852 0.109702
0.424903 0.874207 0.217505 0.0311757
0.422659 0.850761 0.107005 0.0887413
0.442116 0.8553 0.127051 0.0837148
0.45376 0.848835 0.137285 0.0801824
0.375246 0.790575 0.101368 0.0417437
0.422223 0.857635 0.0521119 0.0652352
0.438794 0.842164 0.121986 0.0786884
0.515885 0.913297 0.0693141 0.0103495
0.420503 0.767325 0.0745439 0.0340616
0.381151 0.806214 0.0680494 0.0552848
0.373313 0.820455 0.0728125 0.0687724
0.443082 0.823409 0.0569339 0.0593952
0.436417 0.850205 0.174698 0.0506689
0.358704 0.808385 0.0651243 0.0626672
0.386079 0.806169 0.0685708 0.0548522
0.389335 0.79294 0.0638595 0.0444694
0.414856 0.854964 0.09914 0.0952287
0.373153 0.778555 0.101518 0.0320229
0.406399 0.875135 0.0945384 0.110769
0.432531 0.783279 0.0729067 0.0521485
0.439466 0.834426 0.0613393 0.064904
0.378969 0.815241 0.0714904 0.0632974
0.497153 0.878607 0.0604075 0.0317369
0.428766 0.815902 0.105134 0.0736732
0.427925 0.883873 0.0334723 0.06533
0.427467 0.816337 0.0993408 0.0729921
0.440875 0.898998 0.000748545 0.0320498
0.467682 0.937048 -0.00506487 0.0158683
0.41547 0.857258 0.0451017 0.0601118
0.360983 0.757514 0.0638912 0.0227464
0.419284 0.893 0.0377902 0.0744449
0.3676 0.783046 0.0606392 0.0403867
0.406822 0.885971 0.0413054 0.0778101
0.416395 0.807719 0.104925 0.0618523
0.358675 0.808468 0.0651439 0.0627449
0.426592 0.814764 0.08445 0.0700544
0.433193 0.772529 0.0714549 0.0465528
0.433134 0.772333 0.0710583 0.0465294
0.516257 0.911672 0.067795 0.0100369
0.351174 0.801598 0.0574872 0.0577224
0.358302 0.810116 0.0676286 0.0636553
0.377259 0.789812 0.101767 0.0406956
0.379944 0.828063 0.0780304 0.0748353
0.408893 0.786678 0.111023 0.0420953
0.366003 0.80309 0.0643789 0.0558637
0.354882 0.801474 0.0607689 0.0574141
0.366529 0.754457 0.067016 0.0188341
0.378964 0.76188 0.0571957 0.0206502
0.377582 0.769628 0.0604067 0.02831
0.350885 0.801589 0.0572004 0.0577371
0.370982 0.763229 0.0556655 0.0216179
0.377729 0.773144 0.0494241 0.0238314
0.377256 0.761754 0.0566977 0.0201876
0.367022 0.755344 0.0670802 0.0192291
0.374816 0.771121 0.0609657 0.029947
0.375775 0.761487 0.056087 0.0196713
0.358232 0.81015 0.0657192 0.0642275
0.352826 0.784193 0.0559507 0.0457653
0.380415 0.761591 0.0571661 0.0205559
0.4057 0.783118 0.111335 0.0383156
0.351324 0.801999 0.0577059 0.0579963
0.367116 0.757209 0.0667044 0.0204249
0.372345 0.770434 0.0617943 0.0295547
0.373023 0.768737 0.0623658 0.0279404
0.382521 0.751294 0.0542623 0.0121071
0.360849 0.776507 0.060333 0.0377587
0.366891 0.754996 0.0670887 0.0190509
0.35908 0.790966 0.0635757 0.0483338
0.38322 0.752908 0.0545071 0.0136924
0.36084 0.778245 0.0603361 0.0391199
0.360847 0.776785 0.060285 0.0380047
0.361047 0.776808 0.060356 0.0379663
0.376763 0.762066 0.056734 0.0204437
0.375984 0.773225 0.0487319 0.0237662
0.386456 0.804953 0.0681256 0.0538254
0.391057 0.772311 0.0597046 0.0316472
0.376527 0.770563 0.0607935 0.0293003
0.367668 0.764924 0.0556672 0.0240308
0.38665 0.759476 0.056247 0.0202883
0.384439 0.741249 0.0869332 0.0035492
0.38404 0.75125 0.0540113 0.0128898
0.38113 0.759816 0.0564968 0.0190113
0.379051 0.760014 0.0562868 0.0187429
0.380373 0.758272 0.0560088 0.0174139
0.37965 0.760167 0.0565493 0.019085
0.379507 0.760148 0.0565039 0.0190264
0.379723 0.759888 0.0564685 0.0188285
0.390632 0.776976 0.0596269 0.0345819
0.387334 0.759098 0.0561149 0.0202686
0.402181 0.867612 0.0493453 0.0729921
0.377255 0.753409 0.0495759 0.00938029
0.381819 0.759567 0.0563895 0.0189026
0.376825 0.770674 0.0608472 0.0293958
0.373817 0.766773 0.0631313 0.026037
0.411699 0.874447 0.0884131 0.105121
0.395918 0.778984 0.0571892 0.0345276
0.397469 0.7745 0.0584112 0.0346716
0.386463 0.778463 0.0807256 0.0250091
0.362004 0.798904 0.0631413 0.0539273
0.369909 0.776812 0.0608272 0.0350609
0.429277 0.802021 0.0715992 0.0627
0.393858 0.775504 0.0590322 0.0343075
0.356382 0.785742 0.0586685 0.0460978
0.379274 0.765083 0.0364984 0.0090683
0.401415 0.77371 0.0577845 0.0356569
0.392233 0.780168 0.0600249 0.0365689
0.37897 0.787943 0.0484261 0.0308852
0.417071 0.805665 0.105921 0.0603482
0.363273 0.797525 0.0438191 0.0414044
0.399389 0.759139 0.0900306 0.0103337
0.431053 0.814695 0.071472 0.0656821
0.365894 0.793783 0.0373447 0.0345702
0.430574 0.79573 0.0684953 0.0597534
0.380186 0.81025 0.0695442 0.0588061
0.374716 0.813926 0.0701985 0.0627436
0.375759 0.808986 0.0683477 0.0583222
0.384703 0.811332 0.0705695 0.0593047
0.388231 0.793527 0.064027 0.0449222
0.379919 0.740818 0.0828634 0.00376927
0.389539 0.78522 0.0612802 0.0394525
0.37319 0.77449 0.0490881 0.0256426
0.407699 0.866729 0.0943769 0.105635
0.407716 0.86665 0.0943725 0.105583
0.345936 0.792255 0.0835304 0.0402439
0.357811 0.786061 0.0594932 0.0460161
0.347471 0.784744 0.05119 0.047755
0.386612 0.757949 0.0545488 0.0182358
0.431984 0.776113 0.0677627 0.0497171
0.400576 0.776219 0.0583777 0.0364032
0.390223 0.755795 0.0853272 0.00178909
0.35986 0.787233 0.0605484 0.0464438
0.380825 0.774327 0.0524859 0.0264944
0.378471 0.773579 0.0503233 0.02464
0.390702 0.751197 0.053612 0.0170248
0.361518 0.806493 0.064877 0.0600937
0.396444 0.774444 0.108663 0.0284267
0.386332 0.805197 0.0682134 0.0540353
0.37645 0.770732 0.0608654 0.0294759
0.376241 0.770791 0.0608737 0.0295406
0.374862 0.771157 0.0609413 0.0299774
0.358982 0.785834 0.059995 0.0455332
0.37112 0.77356 0.0609842 0.0324334
0.371309 0.773056 0.0610203 0.0320319
0.38714 0.805398 0.0683169 0.0541267
0.386656 0.803253 0.0674776 0.0524312
0.368861 0.77873 0.101806 0.0330495
0.414559 0.840142 0.0944756 0.0892112
0.360046 0.787242 0.0606329 0.046412
0.360366 0.786018 0.0606385 0.0453634
0.360653 0.78492 0.0606734 0.0444169
0.360811 0.784319 0.0607049 0.0438959
0.360749 0.789954 0.0873195 0.0422323
0.363066 0.777218 0.0610789 0.037787
0.362851 0.777895 0.0610284 0.0383578
0.375555 0.828525 0.0773823 0.0758462
0.400848 0.790261 0.107028 0.0424496
0.391509 0.78363 0.0607992 0.0385655
0.383581 0.763851 0.0636904 0.0230565
0.381975 0.776853 0.060396 0.0334782
0.387875 0.774025 0.060052 0.0320899
0.388705 0.76394 0.0627259 0.0245222
0.388631 0.768545 0.0602666 0.0288217
0.383082 0.769644 0.060669 0.0286298
0.382861 0.738245 0.0856055 0.0014735
0.359687 0.788906 0.0700683 0.0439756
0.382903 0.82497 0.106752 0.0659273
0.358624 0.795291 0.0621896 0.0525736
0.367203 0.75591 0.0670483 0.0195399
0.361653 0.822486 0.0712805 0.0732622
0.358419 0.80103 0.0633506 0.0569665
0.400759 0.790316 0.106972 0.0424764
0.378746 0.816139 0.0718576 0.0641186
0.3706 0.832659 0.0783525 0.0805079
0.420592 0.820384 0.104036 0.0728891
0.350316 0.785716 0.053898 0.0474756
0.418633 0.825472 0.100492 0.0774872
0.360543 0.792625 0.101652 0.0472776
0.386906 0.803111 0.0674364 0.0522991
0.399181 0.786823 0.107292 0.0391603
0.396551 0.810257 0.0713442 0.0580113
0.379902 0.838485 0.0831951 0.0847568
0.405716 0.814266 0.0745182 0.0626937
0.381194 0.823728 0.0760413 0.0706579
0.390018 0.781694 0.0605111 0.0372529
0.383845 0.74059 0.0868106 0.00269475
0.375144 0.842924 0.0847446 0.0897991
0.38445 0.811526 0.070619 0.0594873
0.393938 0.770546 0.0592076 0.0313533
0.35951 0.82261 0.0686304 0.0725311
0.358471 0.810019 0.0723961 0.0624482
0.358877 0.791718 0.0614748 0.0499336
0.403372 0.793553 0.0643055 0.046395
0.351127 0.777718 0.0547806 0.0418136
0.394581 0.766255 0.0593486 0.0293111
0.354603 0.778591 0.0574514 0.0412735
0.383557 0.795906 0.0644625 0.0468785
0.377902 0.798683 0.0647257 0.0496199
0.385221 0.788602 0.0620891 0.0416251
0.378991 0.793363 0.0629814 0.0454847
0.376423 0.768476 0.0975461 0.0211333
0.349465 0.771437 0.0537915 0.0386173
0.386098 0.784255 0.0611356 0.0386331
0.379994 0.788069 0.0618185 0.0414322
0.352362 0.815735 0.0589061 0.0664626
0.379474 0.742494 0.0857241 0.00367612
0.356737 0.787199 0.059018 0.0471053
0.360969 0.783916 0.0778327 0.0372751
0.360478 0.785756 0.0746445 0.0397073
0.361303 0.782882 0.0806365 0.0358642
0.350964 0.772342 0.0549177 0.0384573
0.353428 0.786547 0.0565361 0.0472591
0.349262 0.782265 0.0528961 0.0455621
0.3589 0.790508 0.103433 0.0455652
0.358234 0.809778 0.065575 0.0639376
0.35823 0.808775 0.0651797 0.0631623
0.358233 0.806503 0.0646376 0.0613237
0.35823 0.808725 0.0651659 0.0631219
0.360311 0.78793 0.078204 0.0409578
0.374009 0.843949 0.0850452 0.0909614
0.356831 0.80828 0.0639462 0.0627082
0.344726 0.808373 0.0491295 0.0624075
0.35732 0.808938 0.0644931 0.0632559
0.357436 0.809094 0.0646296 0.0633852
0.342528 0.785346 0.0944369 0.033962
0.36054 0.792408 0.101707 0.0470988
0.362486 0.825471 0.0727607 0.0756516
0.36006 0.816756 0.0686042 0.0688833
0.347558 0.811111 0.0524894 0.0637084
0.378902 0.77661 0.102226 0.0295024
0.348406 0.793955 0.097058 0.0443304
0.34753 0.792329 0.100083 0.0435304
0.37477 0.794999 0.10065 0.0455516
0.341834 0.790546 0.0648046 0.041996
0.346245 0.792849 0.0823052 0.0409651
0.342689 0.790685 0.0703157 0.0401085
0.361574 0.765311 0.0938122 0.0205981
0.364652 0.792438 0.101014 0.0459289
0.361297 0.782979 0.0808317 0.0359307
0.362942 0.777704 0.0777261 0.0311288
0.370306 0.756334 0.068935 0.0183035
0.377213 0.739611 0.0832429 0.00214602
0.387044 0.7647 0.105657 0.0195543
0.355491 0.766263 0.0594087 0.031427
0.356349 0.775525 0.0582668 0.038448
0.353523 0.774402 0.0568145 0.0387714
0.353811 0.775429 0.0569885 0.0393477
0.354752 0.778615 0.0575532 0.0412463
0.356753 0.778583 0.0585576 0.0405417
0.356952 0.785936 0.0590565 0.0461345
0.357778 0.786058 0.0594786 0.0460229
0.358632 0.790913 0.061123 0.0493828
0.357377 0.787286 0.0594428 0.0470628
0.357966 0.787293 0.0597333 0.0469315
0.41391 0.835423 0.124638 0.0639972
0.409982 0.791974 0.13044 0.0353233
0.360519 0.790019 0.102001 0.0450529
0.392671 0.84053 0.0937544 0.086359
0.373485 0.79496 0.100582 0.0457548
0.378149 0.743631 0.0911578 0.00551791
0.386395 0.764509 0.109275 0.0173231
0.401614 0.768059 0.112568 0.0261967
0.406833 0.78183 0.112196 0.0378916
0.379254 0.743454 0.0847927 0.00490624
0.383274 0.742085 0.0874581 0.003468
0.376679 0.780096 0.101832 0.0326787
0.410945 0.775936 0.116306 0.0362414
0.406345 0.767475 0.0894631 0.0203957
0.404372 0.761026 0.0874394 0.014903
0.384028 0.827887 0.0955727 0.0742778
0.431013 0.800022 0.0849229 0.0606315
0.3978 0.78729 0.106706 0.0391955
0.401966 0.83709 0.0956528 0.0838373
0.416766 0.895092 0.0141034 0.0575374
0.378614 0.776793 0.102136 0.029705
0.376049 0.777835 0.101708 0.0309346
0.37866 0.776525 0.102122 0.0294788
0.386642 0.742972 0.0863737 0.00627345
0.36091 0.777768 0.103164 0.0349308
0.391646 0.783301 0.105584 0.0346319
0.390925 0.788211 0.104987 0.0385112
0.378283 0.778974 0.102134 0.0315033
0.351868 0.798202 0.106712 0.0522831
0.365255 0.792366 0.100972 0.0456955
0.388089 0.777839 0.104896 0.0298592
0.399639 0.788744 0.10693 0.0408856
0.38694 0.764789 0.105593 0.0196096
0.390258 0.792389 0.104254 0.0419028
0.406423 0.796828 0.10635 0.0493087
0.370405 0.783454 0.1014 0.0366886
0.37679 0.790046 0.101631 0.0410016
0.390092 0.780159 0.105361 0.0319029
0.391822 0.782009 0.10568 0.0336249
0.426074 0.819389 0.102888 0.0756257
0.419284 0.810745 0.104437 0.0655329
0.36719 0.794368 0.100611 0.0467322
0.376346 0.794919 0.100849 0.0451782
0.397951 0.781401 0.108031 0.034344
0.405047 0.777203 0.112473 0.0337726
0.364146 0.793986 0.100712 0.0473788
0.367034 0.784724 0.101554 0.0385867
0.386813 0.777758 0.104583 0.0297278
0.377063 0.777493 0.101832 0.0305067
0.377593 0.774201 0.101655 0.0277517
0.384979 0.784068 0.104014 0.0348417
0.402819 0.814391 0.113611 0.0561309
0.405018 0.817836 0.110231 0.0613576
0.38782 0.810739 0.117055 0.0484636
0.403757 0.807277 0.11922 0.0479763
0.367875 0.823496 0.110366 0.0648745
0.375893 0.8255 0.107306 0.0666208
0.414776 0.836173 0.164047 0.0369865
0.388243 0.851226 0.0109782 0.0496589
0.397756 0.822547 0.110882 0.0623958
0.371478 0.78292 0.101444 0.0359827
0.403169 0.824633 0.105291 0.0688339
0.371536 0.807186 0.121036 0.0453439
0.37199 0.768071 0.101441 0.0235992
0.442268 0.737742 0.0871252 0.0209536
0.375217 0.809067 0.119194 0.0469005
0.402949 0.814923 0.113097 0.0568753
0.400016 0.817522 0.11112 0.0591955
0.40322 0.818617 0.10999 0.0615473
0.360636 0.78633 0.102431 0.041912
0.360636 0.800777 0.0992829 0.0541544
0.359708 0.810881 0.097144 0.0631095
0.359798 0.809314 0.0974759 0.0617101
0.358986 0.784891 0.104001 0.0409115
0.386189 0.765156 0.105274 0.0197522
0.376533 0.781138 0.1018 0.0335482
0.37827 0.779066 0.102131 0.031579
0.375585 0.780755 0.101704 0.0333925
0.370991 0.771556 0.101722 0.026636
0.383824 0.772646 0.104305 0.0255545
0.372941 0.778958 0.101507 0.0323937
0.366129 0.792142 0.101001 0.0452292
0.369256 0.788898 0.101188 0.0415609
0.448142 0.862258 0.134304 0.0865349
0.375317 0.782494 0.101648 0.0348656
0.376992 0.769433 0.101167 0.0240175
0.379084 0.767671 0.102027 0.0220211
0.38719 0.76928 0.105723 0.0230418
0.383682 0.756666 0.11658 0.00684856
0.33109 0.960089 0.149021 0.0343651
0.37651 0.771862 0.101347 0.0260648
0.376981 0.771784 0.101381 0.0259479
0.376898 0.771036 0.10127 0.0253516
0.377377 0.759713 0.105256 0.0136815
0.386594 0.764361 0.105764 0.0190633
0.382489 0.758751 0.107195 0.0123562
0.435043 0.877219 0.200205 0.0499882
0.368149 0.791867 0.101028 0.0443999
0.387516 0.76886 0.105926 0.0227357
0.387366 0.771002 0.105568 0.024326
0.378447 0.778834 0.102183 0.0313566
0.380303 0.776944 0.102727 0.0295163
0.388963 0.799996 0.102565 0.048331
0.375173 0.81044 0.0977135 0.0590977
0.373148 0.811682 0.0972368 0.0605939
0.371176 0.812715 0.0969154 0.0618826
0.364081 0.794179 0.100666 0.0475591
0.391771 0.869535 0.211627 0.0233633
0.399943 0.791504 0.106572 0.043116
0.400801 0.790372 0.106971 0.0425333
0.361307 0.817214 0.0958506 0.0682503
0.360142 0.812559 0.0967858 0.0644505
0.415235 0.874376 0.204559 0.0340429
0.413226 0.860557 0.0989936 0.0988565
0.478343 0.998681 0.1312 0.075734
0.407716 0.86153 0.210304 0.019997
0.425302 0.877457 0.211825 0.0357017
0.423799 0.87461 0.217524 0.0303686
0.407629 0.852624 0.198295 0.0231154
0.430756 0.821895 0.0716895 0.0675711
0.411379 0.819919 0.139772 0.0426424
0.40547 0.836695 0.19247 0.0162886
0.426971 0.845931 0.17502 0.0422308
0.432393 0.844812 0.179857 0.0424791
0.406636 0.837349 0.191609 0.0175343
0.409313 0.835261 0.192638 0.0162258
0.402691 0.887383 -0.0119867 0.0519402
0.405202 0.863208 0.0990162 0.0996575
0.448539 0.813433 0.0498907 0.0548103
0.439902 0.832472 0.122109 0.074964
0.400798 0.840147 0.190022 0.0203235
0.409821 0.854107 0.196903 0.0255162
0.402388 0.864631 0.183339 0.0416043
0.446766 0.818356 0.134413 0.0658864
0.424269 0.837072 0.187798 0.0289667
0.457789 0.989894 0.120389 0.0809313
0.422395 0.832542 0.12445 0.0651289
0.426936 0.836726 0.118829 0.0733439
0.43689 0.833731 0.11918 0.076067
0.431099 0.839919 0.114114 0.0802167
0.416491 0.83059 0.189295 0.0193181
0.410509 0.831065 0.184984 0.0190832
0.426381 0.851354 0.0748027 0.081292
0.412221 0.996384 0.11838 0.0785778
0.418687 0.854329 0.083225 0.0894788
0.399598 1.03182 0.10616 0.0534718
0.407384 0.891432 0.22902 0.0166186
0.340575 1.0243 0.126476 0.0408199
0.431218 0.976552 0.119692 0.0889179
0.415786 0.909481 0.239154 0.00797507
0.438975 0.810805 0.0609107 0.058805
0.377794 0.9672 0.170542 0.0405737
0.369746 1.00659 0.151526 0.0793871
0.390241 0.985914 0.116025 0.0963651
0.372233 0.994481 0.13209 0.0832818
0.423684 0.989094 0.0999695 0.0911487
0.359687 1.00374 0.133402 0.0694939
0.356521 1.00919 0.142252 0.0666188
0.348071 1.01221 0.100052 0.0556821
0.367719 0.998058 0.139029 0.0799382
0.365043 1.0001 0.143174 0.0783022
0.297377 0.936148 0.11576 0.00182727
0.409062 1.02947 0.0811964 0.0515735
0.39298 0.999019 0.11546 0.0847949
0.381442 1.01904 0.0823704 0.0668896
0.370573 1.00599 0.150404 0.0796474
0.374804 0.992322 0.128189 0.0854414
0.423643 1.03759 0.0642506 0.0428135
0.384765 0.992452 0.126915 0.0893964
0.387965 1.02616 0.132313 0.0623266
0.353356 1.00235 0.0696245 0.0789831
0.405875 0.986935 0.100911 0.0951149
0.393928 0.999083 0.0988693 0.0850598
0.436705 0.811914 0.0638828 0.060545
0.35591 0.999565 0.0750134 0.0791902
0.376922 0.992448 0.0823943 0.0895162
0.373874 0.994412 0.0792667 0.0877747
0.351098 1.00299 0.0686949 0.0782302
0.333972 1.00628 0.0616016 0.0735867
0.360551 0.998203 0.0766455 0.0811661
0.362697 0.995371 0.0827754 0.0818221
0.438933 0.971494 0.0019287 0.0529148
0.427894 0.863292 0.0726487 0.0854894
0.436629 0.834541 0.0643148 0.0668076
0.405284 0.880521 0.0946719 0.114234
0.405919 0.87767 0.0946057 0.112379
0.389777 1.0164 0.0895405 0.0690787
0.345106 1.00707 0.061299 0.0778646
0.447051 0.887888 0.0970512 0.0832878
0.350662 1.0034 0.0679674 0.0782101
0.356833 1.00126 0.0710538 0.0801933
0.437546 0.822863 0.0630961 0.0626025
0.380231 0.991063 0.0837635 0.0914743
0.385631 0.988149 0.0871654 0.0948738
0.346826 0.845402 0.0458175 0.0826278
0.392111 0.986989 0.0932654 0.096756
0.369604 0.995134 0.0798257 0.0854806
0.395003 1.04276 0.0932135 0.0435969
0.359504 0.998531 0.0762775 0.0807125
0.404914 1.06784 0.110609 0.021174
0.362906 0.995136 0.0832681 0.0819188
0.354389 0.999952 0.074478 0.0785552
0.476596 0.855829 0.0299675 0.0634471
0.38066 0.99056 0.0848266 0.0917728
0.380042 0.991163 0.0836371 0.0913599
0.341283 1.00203 0.069853 0.0732666
0.368881 0.99631 0.0773532 0.0851932
0.400072 1.04164 0.113743 0.044773
0.358797 1.00059 0.0718595 0.0809134
0.358196 0.996499 0.0815304 0.079568
0.371448 0.992184 0.0864124 0.0865017
0.383423 0.987615 0.0908133 0.0939566
0.379792 0.989068 0.0894799 0.0915882
0.424352 1.06182 0.0770668 0.0216694
0.358993 0.99629 0.0818248 0.0799635
0.361626 0.99356 0.0878744 0.0811382
0.36132 0.993711 0.0875853 0.0809673
0.424739 0.868669 0.112195 0.0962505
0.357922 1.00013 0.0731495 0.0803693
0.359505 0.999616 0.0737572 0.0809947
0.354405 1.0012 0.0717992 0.0790319
0.352469 1.00172 0.0710548 0.0783156
0.337171 1.00441 0.0651614 0.0732569
0.331055 1.00536 0.0628042 0.0720978
0.457469 1.01891 0.11681 0.0618794
0.422295 0.987648 0.0996094 0.0927307
0.374314 0.994202 0.0795389 0.0880146
0.434582 1.01251 0.100798 0.0689093
0.404152 0.888424 -0.0121823 0.0512714
0.392084 0.880723 -0.0106486 0.0573557
0.384293 0.876029 0.0137131 0.0683412
0.39801 0.884354 -0.0113881 0.054125
0.423017 0.889803 0.0485648 0.0818985
0.413884 0.889656 0.0284658 0.0684949
0.415317 0.998856 0.0856566 0.0818273
0.522794 0.920134 0.0695305 0.00265354
0.411415 0.986359 0.0870067 0.0944015
0.384586 1.01138 0.0631475 0.0629032
0.402708 1.01725 0.0516369 0.0508397
0.379619 0.991385 0.0833405 0.0911007
0.37075 1.01117 0.0755346 0.0739911
0.410574 1.0252 0.0410878 0.040825
0.390123 1.01015 0.0903815 0.0748812
0.374772 0.993909 0.0796092 0.088163
0.399311 1.02959 0.102661 0.0556574
0.397926 1.01333 0.103456 0.0713727
0.388308 0.986465 0.0894944 0.0967682
0.393801 0.99934 0.0980572 0.0848635
0.424476 1.0467 0.0800346 0.0356235
0.41968 1.04535 0.0459665 0.0314202
0.393403 1.02624 0.0937114 0.0591696
0.426406 0.979988 0.10302 0.0975235
0.403449 1.06379 0.0989559 0.023658
0.400719 1.01514 0.102673 0.0688244
0.422907 1.03512 0.0774748 0.0465234
0.423381 1.04264 0.0986512 0.0390308
0.404311 1.06267 0.101252 0.0246442
0.406147 1.06949 0.101981 0.0185144
0.402594 1.06206 0.117082 0.0279592
0.423586 1.03909 0.0749519 0.0425323
0.402477 1.05441 0.109131 0.0324066
0.416816 0.992431 0.0986301 0.0886565
0.444919 1.03257 0.102007 0.0523906
0.425796 1.044 0.0586416 0.0373244
0.414479 1.0446 0.0773135 0.0362229
0.424541 1.05705 0.0802368 0.0259397
0.424944 1.00445 0.096744 0.0768246
0.435971 1.0439 0.0963992 0.0407714
0.426655 1.04596 0.0851182 0.0364161
0.426513 1.0544 0.0848599 0.028468
0.399938 1.03452 0.102365 0.0508891
0.428097 1.05799 0.0995695 0.0248941
0.435137 1.07 0.0998287 0.018951
0.410555 1.02865 0.0613525 0.0473681
0.401459 1.05007 0.10077 0.0361573
0.424127 1.07455 0.0855284 0.0104999
0.424297 1.04977 0.0771461 0.032711
0.431062 1.04131 0.0974625 0.0416392
0.436323 1.04521 0.0964607 0.0397029
0.436422 1.04567 0.0964885 0.039327
0.396243 0.990919 0.103678 0.0931884
0.424919 1.06945 0.0733354 0.0157737
0.425185 1.07053 0.0850295 0.0140238
0.436002 1.06206 0.0947961 0.0251452
0.393703 1.04554 0.0608681 0.0330388
0.430476 1.02128 0.0959025 0.0609486
0.394666 1.00408 0.112122 0.0801245
0.397241 1.05902 0.0924832 0.028938
0.436209 1.05762 0.0951517 0.0288058
0.427026 1.05635 0.0644811 0.0276119
0.4361 1.04506 0.0962752 0.039758
0.423531 1.07092 0.0806151 0.0137186
0.424552 1.05246 0.0754522 0.0301786
0.423679 1.0296 0.0827831 0.0518974
0.414022 1.03241 0.0574271 0.0433134
0.422889 1.03578 0.0672955 0.0446683
0.406184 1.02663 0.0642813 0.0498042
0.440244 1.01596 0.103206 0.0660276
0.421147 1.038 0.0986954 0.0435062
0.422174 1.03244 0.069151 0.0478055
0.401839 1.04945 0.101705 0.0367608
0.404017 1.06105 0.101073 0.0260828
0.404254 1.06259 0.100896 0.0247409
0.405806 1.06891 0.10004 0.0191279
0.42517 1.04565 0.0823222 0.0366356
0.425186 1.05517 0.0823627 0.0276894
0.425591 1.07095 0.0855608 0.013695
0.428182 1.07214 0.0887875 0.0135543
0.430609 1.05635 0.0899698 0.0274985
0.424107 1.07015 0.0828254 0.0142782
0.431118 1.05036 0.090664 0.0331048
0.417302 1.04944 0.0990868 0.0322747
0.417117 1.04981 0.0991098 0.0319288
0.403175 1.03771 0.0603502 0.0381917
0.422971 1.07429 0.083256 0.0106061
0.436123 1.04509 0.0962926 0.0397423
0.392432 0.986088 0.0938677 0.0976141
0.422886 1.0032 0.0554268 0.0696278
0.393335 1.00115 0.0969563 0.0831299
0.392096 1.00426 0.0940772 0.0802478
0.389863 1.01437 0.0898229 0.0709675
0.392113 1.0057 0.094078 0.0788751
0.418972 1.01851 0.0800055 0.0624484
0.392127 1.00607 0.0940747 0.0785178
0.411766 1.04811 0.0773276 0.0327976
0.422987 1.03226 0.0798895 0.0493175
0.4172 1.01116 0.0813134 0.0696106
0.389705 1.06128 0.0837325 0.0315059
0.389069 1.04558 0.0853174 0.0433734
0.4648 0.891864 -0.00186167 0.0248731
0.519945 0.915486 0.0677018 0.00635885
0.437677 1.06416 0.118519 0.0186733
0.399725 1.03877 0.113222 0.0473774
0.423028 0.988688 0.0997831 0.0916566
0.421132 1.01908 0.0618018 0.0586237
0.388274 0.986461 0.0876555 0.0962057
0.386449 0.987701 0.087698 0.0954246
0.382241 1.0003 0.0836171 0.083631
0.387571 0.986956 0.0888138 0.0962372
0.397097 1.02537 0.0681841 0.0526967
0.373716 1.02624 0.0751765 0.0620791
0.414035 1.05391 0.111894 0.0278379
0.397478 1.01288 0.108295 0.0717797
0.437592 0.991262 0.106954 0.0856456
0.396267 0.989475 0.103654 0.0945702
0.396235 0.991062 0.103995 0.0930373
0.395691 0.994166 0.10634 0.089863
0.405111 0.986894 0.101078 0.095274
0.405589 1.0688 0.0751334 0.0146021
0.429954 1.05526 0.0493471 0.0309668
0.431521 1.04085 0.0920113 0.0421406
0.426477 1.03812 0.0855529 0.0438833
0.424837 1.03836 0.0824072 0.0435727
0.42409 1.03961 0.0799295 0.0423611
0.425501 1.05187 0.0711361 0.0307642
0.512373 0.884682 0.0719735 0.0147033
0.423906 1.04221 0.0772007 0.0398408
0.423405 1.03881 0.0772297 0.0430284
0.423979 1.04292 0.0766737 0.0391432
0.394704 0.998857 0.110461 0.0851506
0.394671 0.999012 0.110584 0.0849984
0.39074 1.02037 0.126073 0.066098
0.409378 0.975668 0.0988603 0.105739
0.427064 0.992634 0.100801 0.087341
0.394965 1.038 0.122736 0.0495818
0.422467 1.0336 0.0679985 0.0466554
0.420258 1.02401 0.0787171 0.0570944
0.425086 1.04657 0.0659651 0.0353601
0.411848 0.976487 0.0983974 0.104718
0.446498 1.03659 0.102351 0.0494172
0.420059 1.02304 0.0789357 0.0580332
0.422671 1.03095 0.079894 0.0505501
0.42028 1.02254 0.0799585 0.0585593
0.423572 1.02909 0.0828194 0.0523792
0.421716 1.02156 0.0834537 0.0595471
0.42423 1.02123 0.0876587 0.0599927
0.424654 1.02805 0.0850591 0.053392
0.425374 1.02705 0.0867004 0.0544328
0.430868 1.02393 0.0952253 0.0583989
0.430671 1.02245 0.0955897 0.0598191
0.431418 1.02385 0.0958756 0.0586017
0.430973 1.02257 0.0958829 0.0597699
0.438482 1.02896 0.0987504 0.0541631
0.438656 1.02879 0.0990869 0.0544575
0.440825 1.03068 0.0994182 0.0527627
0.439718 1.02936 0.0995919 0.0540984
0.4224 1.03282 0.0776375 0.0486914
0.422576 1.03401 0.0765701 0.0474315
0.421713 1.03018 0.0778285 0.0511735
0.426731 1.05405 0.0598132 0.0301434
0.425624 1.04875 0.0617047 0.0337974
0.378205 1.00018 0.140099 0.0831715
0.42025 0.984926 0.099195 0.0955631
0.391529 1.01197 0.121931 0.073125
0.464542 0.941438 0.006197 0.0262284
0.517308 0.90527 0.0549551 0.0151252
0.42261 1.02463 0.0598617 0.0534712
0.46461 0.942079 0.00623982 0.0266693
0.517483 0.910959 0.0663414 0.00915137
0.414476 0.980787 0.0954485 0.100145
0.425718 1.03087 0.0525829 0.0477295
0.419581 1.0008 0.0914187 0.0800013
0.466707 0.937611 -0.0021331 0.0179208
0.449799 0.98337 0.132507 0.0752644
0.383713 0.993726 0.129084 0.0881976
0.453332 1.00627 0.110452 0.0737337
0.390313 0.879507 0.0566372 0.0897966
0.42924 1.04169 0.0465362 0.0400263
0.416635 0.982066 0.0976988 0.0989293
0.410934 0.983537 0.0820541 0.0958541
0.416142 1.00517 0.0773397 0.0742659
0.410071 0.980856 0.0854988 0.0992972
0.409498 0.978648 0.0886427 0.102204
0.414504 0.998778 0.0840929 0.0818875
0.437678 1.01833 0.101129 0.0637564
0.419478 0.989226 0.0976468 0.0917809
0.418617 1.01155 0.0668042 0.0662713
0.420263 1.01827 0.0651012 0.0598568
0.418415 1.0128 0.0699448 0.065676
0.415696 1.00155 0.072544 0.0766615
0.414152 0.995682 0.0755496 0.082806
0.451635 1.0087 0.109062 0.0718141
0.426027 1.01098 0.049974 0.0624085
0.433972 1.03154 0.035647 0.0481102
0.418039 0.983383 0.0981883 0.0974261
0.449059 1.01405 0.106588 0.0676067
0.415494 0.993533 0.0729546 0.0835564
0.41193 0.985637 0.0800687 0.0931917
0.423753 1.01093 0.056039 0.0638396
0.419395 0.99922 0.0637516 0.0754308
0.432741 1.0294 0.0382209 0.0490519
0.431826 1.02766 0.0400791 0.0500017
0.395819 0.986788 0.142265 0.0775565
0.422399 0.99038 0.100634 0.0898402
0.412516 0.976081 0.0981884 0.10507
0.454589 0.988194 0.120196 0.0815842
0.390523 0.985493 0.115331 0.0968324
0.393041 0.986289 0.126541 0.089409
0.432682 0.977922 0.116666 0.0902213
0.428946 0.987568 0.126223 0.0771159
0.413594 0.976289 0.0979323 0.104795
0.415468 1.05123 0.130888 0.0272247
0.446904 1.02777 0.104236 0.0569268
0.408864 0.979549 0.101232 0.101508
0.411465 0.972744 0.0976701 0.108424
0.409771 0.974777 0.0986499 0.106579
0.436688 1.01911 0.105687 0.061715
0.410343 0.974894 0.098533 0.106411
0.412211 0.973945 0.0977969 0.107192
0.432848 1.01691 0.106335 0.0631034
0.448385 1.03021 0.104487 0.0552898
0.437083 0.92799 0.223055 0.016161
0.460609 1.00602 0.113301 0.0743061
0.444548 1.00853 0.130682 0.0583433
0.42903 0.947104 0.212798 0.0049615
0.429916 0.947759 0.210256 0.00589916
0.432034 0.947292 0.21238 0.00570618
0.434333 0.97866 0.116969 0.0893712
0.431673 0.946396 0.215949 0.00605717
0.433236 0.946692 0.216245 0.00668685
0.433512 0.947257 0.214045 0.00624504
0.434189 0.947531 0.206039 0.00897273
0.432738 0.922845 0.226531 0.0162936
0.422604 0.935693 0.205561 0.00737084
0.461609 0.991046 0.124556 0.0782891
0.438409 0.862117 0.12462 0.0878695
0.450736 0.856201 0.135617 0.0834537
0.43164 0.978273 0.108183 0.09556
0.449855 0.985833 0.120037 0.0826346
0.455647 0.986749 0.131453 0.075099
0.461647 0.989287 0.134383 0.0730239
0.444543 0.982561 0.123906 0.0817537
0.443423 0.895312 0.0129673 0.0415766
0.441227 0.979154 0.131353 0.0779661
0.433124 0.976326 0.125517 0.0844448
0.432432 0.774439 0.0689442 0.0484049
0.447743 0.959425 0.146604 0.0546373
0.458543 0.989663 0.123354 0.0792515
0.45151 0.98655 0.120656 0.0819239
0.454264 0.988026 0.120179 0.0816536
0.450679 0.98623 0.120052 0.082447
0.452732 0.987405 0.119044 0.0825639
0.444352 0.983942 0.113333 0.0878937
0.435265 0.979951 0.108876 0.0936825
0.438229 0.981368 0.109479 0.0921929
0.463245 0.992849 0.120767 0.0801143
0.44047 0.982505 0.10999 0.0910469
0.408281 0.876542 0.0968583 0.110122
0.447635 0.887332 0.0949895 0.0821197
0.490516 0.885602 0.078436 0.0368902
0.502301 0.912597 0.0780474 0.0245761
0.46101 0.874425 0.0531763 0.0683053
0.445474 0.883741 0.0752883 0.0808538
0.448273 0.883412 0.0767123 0.0782331
0.520253 0.920862 0.0690626 0.00524553
0.513695 0.923351 0.07116 0.0119633
0.454007 0.884342 0.0906326 0.0745962
0.424446 0.891964 0.0903984 0.103226
0.506811 0.901625 0.0783539 0.0206007
0.431266 0.794521 0.0726856 0.0582973
0.480477 0.888179 0.0923681 0.0506688
0.416144 0.89145 0.216289 0.0298979
0.403039 0.852753 0.197263 0.0236828
0.432857 0.898494 0.221953 0.0297028
0.439424 0.732176 0.0782492 0.0173032
0.431909 0.772926 0.0653479 0.0486584
0.427166 0.915411 0.230118 0.0152557
0.430188 0.768598 0.0562635 0.0501795
0.419455 0.905931 0.230922 0.0155723
0.43663 0.73764 0.0721002 0.024044
0.43853 0.732177 0.0761373 0.0182554
0.439177 0.741793 0.0816634 0.0239237
0.422715 0.834576 0.0809117 0.0785083
0.43784 0.730992 0.0753329 0.0177508
0.43767 0.730763 0.0750657 0.0177325
0.412412 0.841859 0.173447 0.0345525
0.401024 0.835869 0.17674 0.0271662
0.391446 0.864068 0.146181 0.0691091
0.403452 0.828907 0.184432 0.0169475
0.432245 0.778482 0.0693662 0.0504598
0.389952 0.849103 0.090568 0.0946959
0.430662 0.834679 0.0709696 0.0713441
0.416011 0.81823 0.179106 0.017281
0.405186 0.821859 0.175653 0.0170651
0.418442 0.818293 0.179147 0.0191055
0.418294 0.816381 0.180936 0.0174729
0.415197 0.755833 0.083005 0.0197713
0.430617 0.795447 0.0683531 0.0596276
0.431716 0.768181 0.0634529 0.0464984
0.433414 0.74082 0.0642562 0.0307568
0.422161 0.759715 0.0814925 0.0273129
0.430747 0.773461 0.0593632 0.0513751
0.43347 0.772161 0.0724294 0.0460635
0.458306 0.866304 0.030983 0.0578091
0.432282 0.792891 0.0792246 0.0567675
0.42246 0.893214 0.0122998 0.052164
0.43226 0.773902 0.067599 0.0484961
0.427061 0.816485 0.0953042 0.072305
0.437086 0.738398 0.0736663 0.0237636
0.446075 0.874783 0.0359698 0.0626373
0.421168 0.892502 0.0388031 0.0743891
0.432757 0.808062 0.10994 0.0693129
0.442984 0.876337 0.0356307 0.0627192
0.42406 0.886833 0.0377341 0.0711696
0.432571 0.760727 0.0665653 0.0406742
0.438681 0.747964 0.0850956 0.0285434
0.440344 0.751192 0.0932751 0.0324455
0.43732 0.748288 0.0809826 0.0288376
0.433487 0.749048 0.0682577 0.0330725
0.436771 0.759141 0.0822159 0.035941
0.436249 0.768135 0.0828022 0.0420401
0.435651 0.76686 0.0797719 0.0413165
0.430877 0.792593 0.0668967 0.0583358
0.425907 0.889166 0.0557749 0.0866076
0.432534 0.783822 0.0733433 0.0523468
0.437522 0.786927 0.0954098 0.0534205
0.432418 0.790937 0.0778746 0.05574
0.423743 0.820711 0.0812126 0.0740761
0.41995 0.892689 0.0389479 0.075083
0.389162 0.875372 0.0488933 0.0826872
0.464394 0.942319 0.00677902 0.0272184
0.492186 0.864263 0.0509192 0.0429386
0.51668 0.91337 0.0695088 0.0095874
0.419953 0.830853 0.0982367 0.0825427
0.426154 0.819468 0.102853 0.075724
0.523298 0.914398 0.0646679 0.00462467
0.486604 0.895457 0.074904 0.0393913
0.433108 0.814519 0.11017 0.0716943
0.422562 0.82927 0.101058 0.0804701
0.428535 0.825685 0.107363 0.0763187
0.433933 0.822481 0.11293 0.0733481
0.426757 0.816694 0.0929086 0.0720763
0.425854 0.816663 0.0834994 0.071362
0.434904 0.889927 0.0938247 0.0938639
0.49629 0.87252 0.0947546 0.0358654
0.48027 0.876306 0.0909315 0.0489395
0.493771 0.871366 0.0832382 0.0341112
0.496464 0.868087 0.0712114 0.0312318
0.487922 0.869651 0.0689381 0.0394674
0.492692 0.865601 0.0573189 0.039133
0.494356 0.86732 0.0653786 0.034542
0.430862 0.88743 0.052466 0.0827159
0.49509 0.863753 0.0555257 0.0379084
0.517006 0.913798 0.0688672 0.00920525
0.501676 0.867038 0.0765093 0.0254978
0.505329 0.862295 0.0677975 0.0230685
0.51469 0.861204 0.0761484 0.0121505
0.515888 0.856884 0.0704281 0.0122638
0.513574 0.85466 0.0643126 0.0180277
0.514714 0.85527 0.0665365 0.0156417
0.424164 0.890825 0.0839399 0.102435
0.429604 0.886172 0.0474415 0.0781254
0.520561 0.910685 0.0675054 0.00619303
0.433918 0.88767 0.0491727 0.0788271
0.430284 0.895714 0.021952 0.0554108
0.51759 0.908843 0.0634317 0.0100121
0.515227 0.903301 0.0502379 0.0198568
0.457054 0.86642 0.0462378 0.0700084
0.448335 0.871108 0.0539016 0.0758789
0.406252 0.885459 0.0319011 0.0716291
0.457699 0.860191 0.0456862 0.0668087
0.41872 0.873727 0.0226806 0.0534885
0.386314 0.871984 0.0098808 0.0631206
0.440918 0.831774 0.0260318 0.0335738
0.353453 0.836603 0.0383992 0.0698836
0.448304 0.833906 0.052669 0.0600843
0.440114 0.84595 0.0610596 0.06892
0.425277 0.866919 0.075002 0.0893341
0.416046 0.879496 0.0829815 0.103341
0.428555 0.850506 0.0725236 0.0791322
0.352949 0.847538 0.0540621 0.0835733
0.426628 0.882758 0.0732106 0.0961569
0.435521 0.872872 0.0653992 0.0843564
0.455851 0.850066 0.0472384 0.0631795
0.45957 0.845832 0.0438251 0.0606812
0.398258 0.851985 0.0216494 0.0474758
0.45717 0.833273 0.0443947 0.0572755
0.404431 0.870874 0.0567808 0.079724
0.435685 0.847699 0.0654025 0.0725483
0.454633 0.824141 0.0455043 0.0552124
0.446535 0.843405 0.0548848 0.0643948
0.434866 0.800929 0.0634531 0.0584838
0.42543 0.816642 0.0788559 0.0714465
0.4237 0.820769 0.0810432 0.0741202
0.449207 0.842343 0.0523637 0.0627975
0.419871 0.819929 0.0795865 0.0718644
0.403623 0.833989 0.0844341 0.0805161
0.423641 0.820892 0.0811069 0.0742009
0.423414 0.802125 0.0500034 0.0416099
0.412275 0.844073 0.0928512 0.092308
0.409467 0.844808 0.0926276 0.0924008
0.410716 0.852226 0.0934248 0.0967715
0.417292 0.834417 0.0880277 0.0841686
0.400756 0.846987 0.0918724 0.0931669
0.394932 0.848245 0.0912427 0.0939526
0.426977 0.81314 0.076229 0.0686635
0.426031 0.814569 0.0776923 0.070072
0.369125 0.844416 0.0581527 0.0750196
0.451184 0.823957 0.0487951 0.056073
0.435255 0.814432 0.0659242 0.06218
0.437651 0.855162 0.0633219 0.0744785
0.407565 0.866781 0.0943684 0.105663
0.384008 0.850024 0.0897987 0.095829
0.442483 0.81394 0.0567337 0.0575188
0.433062 0.860444 0.0676895 0.0801923
0.429308 0.864689 0.0711339 0.0850271
0.410599 0.852862 0.0934626 0.0971352
0.409751 0.857727 0.0938011 0.0999827
0.412264 0.874132 0.0878221 0.104427
0.42312 0.865923 0.077307 0.0906882
0.420581 0.869521 0.0795832 0.0945881
0.414729 0.870547 0.0856238 0.100425
0.444721 0.83413 0.0561348 0.0618075
0.404984 0.850496 0.0253136 0.045033
0.392593 0.872967 0.082642 0.102282
0.416219 0.855278 0.0859987 0.0922726
0.42961 0.834693 0.0721832 0.0722219
0.436983 0.8228 0.0637462 0.0629742
0.442165 0.813965 0.0571054 0.0576936
0.43829 0.834485 0.0625307 0.0656832
0.419517 0.863417 0.0810956 0.0925821
0.444948 0.82357 0.0549381 0.0585023
0.446464 0.823672 0.0534175 0.0578123
0.427886 0.850769 0.0732035 0.0797918
0.379692 0.874063 0.00952797 0.0691614
0.407416 0.868335 0.094372 0.106607
0.398137 0.881961 0.0239938 0.0682603
0.466279 0.855282 0.0381457 0.0631552
0.475866 0.854385 0.0302113 0.0630458
0.409999 0.887345 0.0445615 0.0799826
0.41909 0.891315 0.0544748 0.0877829
0.385826 0.876695 0.0153519 0.0683004
0.418972 0.891044 0.0477824 0.0827481
0.386302 0.87689 0.0152635 0.0680526
0.404073 0.884513 0.0295607 0.0704143
0.404193 0.884565 0.0297003 0.0704846
0.425013 0.881661 0.0233035 0.0564884
0.402525 0.887271 -0.0119651 0.0520137
0.415294 0.890158 0.0319612 0.0708637
0.419019 0.891065 0.0478439 0.0827984
0.427998 0.882498 0.0161551 0.0496838
0.419038 0.891211 0.0457448 0.0811548
0.390347 0.878992 0.000627444 0.0608459
0.416924 0.890583 0.0381283 0.0753184
0.415487 0.889504 0.0434111 0.0792912
0.413368 0.888573 0.0406377 0.0772402
0.417989 0.886474 0.0258286 0.0632535
0.414318 0.889803 0.0295885 0.0692455
0.413958 0.889684 0.028623 0.0685982
0.442458 0.875704 0.0207693 0.0481737
0.452708 0.871634 0.0374982 0.0639022
0.465147 0.865409 0.0394347 0.067558
0.458433 0.869519 0.0413988 0.0681829
0.464554 0.865849 0.0399168 0.0678676
0.42136 0.903727 0.0358929 0.0679697
0.461517 0.868409 0.0424998 0.0696987
0.434254 0.879148 0.000971272 0.03315
0.432682 0.880161 -0.0149238 0.0235264
0.42174 0.887064 0.0330369 0.0680298
0.413578 0.890176 0.0230632 0.0647576
0.421444 0.886887 0.0295728 0.065134
0.421109 0.885683 0.0117678 0.050602
0.409406 0.890441 0.000309505 0.0530108
0.424473 0.883692 -0.00434208 0.0367678
0.430219 0.881328 -0.0175048 0.024887
0.419279 0.892604 0.0398075 0.076107
0.440478 0.899221 0.000219236 0.0318621
0.455647 0.894075 0.000973235 0.0269324
0.43183 0.889943 0.00846954 0.0430776
0.421698 0.893904 0.0071907 0.0491536
0.415574 0.896584 0.000958968 0.0504786
0.415609 0.896554 0.00128007 0.0506191
0.415521 0.896883 -0.000585567 0.0497576
0.426661 0.897271 0.0176593 0.0538953
0.444697 0.909515 0.00565146 0.0305006
0.430021 0.895001 0.0256431 0.0586954
0.443495 0.895286 0.0130198 0.0415988
0.423186 0.897715 0.0169389 0.0554791
0.419189 0.896829 0.0212313 0.0612575
0.419249 0.893275 0.0361946 0.0731531
0.447597 0.89714 0.000205467 0.0282293
0.419234 0.895359 0.0275422 0.0660896
0.467403 0.935831 -0.00502899 0.0149945
0.419534 0.895435 0.0313601 0.068653
0.453442 0.925161 -0.00619984 0.0118274
0.458498 0.926629 -0.0114431 0.00482655
0.462438 0.930897 -0.00816793 0.00835786
0.460009 0.926616 -0.0125498 0.00310041
0.458795 0.925757 -0.0121354 0.003999
0.419185 0.891714 0.060081 0.0920759
0.425269 0.898939 0.0121658 0.050568
0.440889 0.899084 0.000377167 0.0317452
0.425125 0.899336 0.0107422 0.0496356
0.421336 0.896617 0.0216532 0.060231
0.460328 0.909855 -0.00993459 0.011937
0.460059 0.918165 -0.0124769 0.00696046
0.419179 0.898237 0.0156475 0.0571945
0.426591 0.899689 0.0103655 0.0482596
0.453763 0.917345 -0.00996047 0.0111212
0.431016 0.896751 0.0169426 0.0508207
0.451676 0.909797 -0.0100125 0.0148405
0.457059 0.910276 -0.0110475 0.0113374
0.4445 0.8989 0.0188869 0.0453942
0.428439 0.895907 0.0223731 0.0567307
0.443463 0.895308 0.0129508 0.0415468
0.447361 0.897196 0.000328424 0.0284376
0.447834 0.894846 0.00953237 0.03689
0.441368 0.890119 0.039365 0.0672629
0.44359 0.89714 0.024249 0.0509749
0.432943 0.892637 0.0345473 0.0653658
0.4485 0.905505 0.000394743 0.0259504
0.461485 0.909353 -0.00867843 0.0132849
0.45425 0.900372 0.0166607 0.0403229
0.463142 0.909915 -0.0103906 0.011755
0.434262 0.899821 0.00323007 0.0380609
0.433513 0.901644 -0.0032516 0.0342173
0.431031 0.902606 -0.00538037 0.0349658
0.447424 0.897293 -6.29159e-05 0.0280537
0.449027 0.893694 0.0139104 0.0407883
0.445675 0.894071 0.0164153 0.0440746
