0.227851 0.920761 0.0708356 0.00388812
0.280621 0.962084 0.0285186 0.039265
0.364354 1.15883 0.0346598 0.00593609
0.219625 1.01917 0.137537 0.0514077
0.364506 1.14931 0.0376419 0.0139789
0.364566 1.15722 0.0343228 0.00713718
0.351235 1.16895 0.0631455 0.00496989
0.361973 1.10919 0.00404413 0.0176842
0.227282 0.934054 0.0913664 0.018971
0.227872 0.95328 0.0973486 0.034603
0.225141 0.919871 0.0687819 0.0014939
0.364784 1.10864 0.00578386 0.0162465
0.379017 1.11176 0.00213479 0.00324671
0.37499 1.11214 0.00603487 0.00853248
0.227246 0.952951 0.0968886 0.0341432
0.230853 0.96254 0.0999492 0.0431291
0.250665 1.02541 0.0941089 0.101037
0.284515 0.950975 0.0271276 0.0301126
0.25694 1.02391 0.0978201 0.101764
0.344887 1.09733 0.0371049 0.0502731
0.28204 0.969286 0.033578 0.0474779
0.284984 0.963825 0.0347362 0.0439756
0.376212 1.11232 0.00341979 0.0062697
0.279562 1.04065 0.0660109 0.12012
0.222387 0.940456 0.0908121 0.0230892
0.232855 0.962677 0.101258 0.0440086
0.221591 0.940106 0.0902441 0.0228571
0.234503 0.962548 0.102324 0.0446219
0.219791 0.95128 0.0917109 0.0317583
0.222962 0.934612 0.088931 0.018753
0.217861 0.939636 0.0878757 0.0231313
0.216418 0.98209 0.112795 0.0445347
0.228788 0.979192 0.113149 0.0484995
0.240045 1.00226 0.0971116 0.0780778
0.234718 1.01464 0.111896 0.0770385
0.254781 1.02307 0.0970531 0.100296
0.193874 1.00851 0.159884 0.0168155
0.192909 1.0409 0.174858 0.00164777
0.204083 0.977021 0.136029 0.0238386
0.202377 0.987637 0.140855 0.0311189
0.197332 0.982816 0.147908 0.0226509
0.24683 1.02055 0.107763 0.0894483
0.233564 1.11183 0.171637 0.0182363
0.241969 1.04049 0.115469 0.0758716
0.232704 1.11193 0.170587 0.0188505
0.233256 1.11191 0.17147 0.018259
0.370412 1.10098 0.00652877 0.0123153
0.220739 1.07826 0.17307 0.0182015
0.207235 1.07225 0.178326 0.0110851
0.317079 0.993258 0.0121419 0.0540642
0.22366 1.07363 0.164924 0.0277866
0.223351 1.07383 0.164731 0.027701
0.209825 1.07054 0.179713 0.0117074
0.221165 1.07561 0.162009 0.0281579
0.361288 1.10674 0.0104178 0.0212663
0.368293 1.10874 0.00702707 0.0143441
0.375325 1.11123 -0.000238981 0.00591812
0.365005 1.14787 0.0386339 0.0153456
0.365276 1.10516 0.0144977 0.0216571
0.352264 1.16575 0.0637462 0.00759943
0.343986 1.13948 0.0459739 0.0337157
0.351953 1.14651 0.0495455 0.0246869
0.348568 1.1657 0.0613286 0.00720209
0.364854 1.15449 0.0349775 0.00916243
0.354559 1.15355 0.0520332 0.0172234
0.352036 1.15008 0.0482942 0.021724
0.363568 1.15837 0.0341467 0.0068716
0.363519 1.15825 0.0341687 0.00698803
0.361831 1.15621 0.0341511 0.00934231
0.363377 1.15514 0.0347296 0.00927985
0.367367 1.10828 0.00806976 0.0156782
0.363574 1.15704 0.0343035 0.00780575
0.353405 1.14926 0.0508179 0.0216517
0.352558 1.14692 0.0498572 0.0241758
0.354753 1.14968 0.0494228 0.0208388
0.353492 1.14359 0.0517179 0.0269143
0.356499 1.15653 0.0476976 0.0142278
0.352265 1.14855 0.0490111 0.0228909
0.356721 1.16726 0.0496287 0.00594728
0.36716 1.10851 0.00686421 0.0151148
0.369779 1.10924 0.00702743 0.0131875
0.363722 1.15756 0.0342827 0.00735217
0.3634 1.15606 0.0345201 0.00858705
0.366762 1.10814 0.00803002 0.0161116
0.284118 0.950727 0.026468 0.0294875
0.274881 1.16991 0.146309 0.00699017
0.27405 1.16566 0.142434 0.0123354
0.343978 1.09881 0.0340447 0.0482634
0.284195 1.00476 0.0490707 0.0836041
0.315825 1.17696 0.108685 0.00951816
0.36436 1.10814 0.00750064 0.0174688
0.38015 1.11125 0.00134395 0.00188978
0.375473 1.11267 0.00684544 0.00863176
0.366709 1.10788 0.00861147 0.0165088
0.363726 1.10329 0.018418 0.0257866
0.349039 1.1249 0.0411836 0.0363945
0.363416 1.15436 0.0349836 0.00986816
0.366921 1.10764 0.00882753 0.0164814
0.349344 1.14311 0.0391487 0.0265107
0.365248 1.15703 0.0344164 0.00695761
0.364485 1.1572 0.0343282 0.00719717
0.345323 1.12991 0.0502977 0.041329
0.331197 1.11281 0.0541211 0.0611714
0.333146 1.111 0.0562032 0.0621697
0.331163 1.1134 0.0538037 0.0606868
0.366685 1.10813 0.00801878 0.0161589
0.366901 1.10849 0.00678347 0.0152566
0.319006 1.10108 0.0546292 0.0751752
0.376114 1.11301 0.00505957 0.00710326
0.374796 1.1121 0.00708615 0.00930124
0.375524 1.11179 0.010011 0.0108844
0.281228 0.952323 0.0241405 0.0292559
0.282767 0.950826 0.0249092 0.0285452
0.279798 0.952669 0.0228236 0.0288774
0.374358 1.11182 0.00718031 0.00965162
0.362157 1.10914 0.00417617 0.0175857
0.379707 1.11177 0.00173277 0.00250018
0.379743 1.11151 0.00167307 0.00240052
0.368949 1.1088 0.00805908 0.0144387
0.379605 1.11161 0.00285763 0.00299724
0.374607 1.11095 0.00189758 0.00696807
0.378643 1.1118 0.00232206 0.00364612
0.375106 1.11219 0.00562885 0.00821781
0.316038 0.987712 0.00803609 0.0472008
0.361846 1.10888 0.00507372 0.0181819
0.37992 1.11182 0.0015835 0.00226563
0.313917 0.990299 0.00848712 0.0495586
0.361479 1.1084 0.00667645 0.0191776
0.343614 1.09948 0.0326848 0.0473922
0.360173 1.10302 0.0197499 0.0285292
0.363122 1.10251 0.0201413 0.0275887
0.371612 1.11065 -0.0023227 0.00843474
0.343827 1.09816 0.0355064 0.0495131
0.3667 1.10772 0.00895906 0.0167367
0.311014 1.01293 0.0246973 0.0766255
0.280052 1.05225 0.0792414 0.126062
0.332564 1.10125 0.0334 0.0544867
0.314587 0.994569 0.0113692 0.0546391
0.32623 1.05933 0.0370936 0.0649386
0.320506 1.00671 0.00948082 0.0593486
