-0.150567 0.871209 -0.459067 0.0336776
-0.0969988 0.870675 -0.48649 0.0404538
-0.137832 0.851469 -0.457718 0.0397809
-0.0505059 0.866974 -0.502351 0.0490891
0.0821092 0.846305 -0.437911 0.0480245
-0.102045 0.835115 -0.368852 0.0359567
-0.0499796 0.8293 -0.318361 0.024469
-0.0796995 0.84661 -0.338742 0.0381025
-0.045566 0.824763 -0.327625 0.0135144
0.094099 0.871565 -0.424927 0.038562
-0.133103 0.850406 -0.387686 0.0270839
-0.0935449 0.849127 -0.509159 0.0280526
0.0750999 0.862913 -0.416393 0.0433029
-0.0544809 0.780939 -0.330058 0.00263405
-0.119062 0.871721 -0.478704 0.0371003
-0.0440143 0.857356 -0.532077 0.0319968
-0.0411394 0.869205 -0.511429 0.0459679
-0.0712164 0.804572 -0.345032 0.0234475
-0.0907664 0.865574 -0.482546 0.0462434
-0.120233 0.852395 -0.486712 0.0308905
-0.102937 0.882105 -0.496259 0.0328369
0.00221933 0.804029 -0.325512 0.0316923
-0.12543 0.858048 -0.397725 0.0253799
-0.158586 0.858003 -0.414394 0.0292096
-0.0840402 0.794991 -0.331051 0.0159426
-0.111854 0.87432 -0.457489 0.0350426
-0.0861194 0.837389 -0.513357 0.0171609
-0.122116 0.829771 -0.473764 0.0151373
-0.0693188 0.807027 -0.333189 0.0264891
-0.0751529 0.806817 -0.350701 0.0229632
-0.0897231 0.828796 -0.50597 0.00795644
-0.132004 0.865657 -0.404681 0.018081
0.0603842 0.874035 -0.333826 0.00757852
-0.0229643 0.84843 -0.32479 0.0259801
-0.0798865 0.842772 -0.322622 0.0296431
-0.0473213 0.84401 -0.496657 0.0364525
-0.129792 0.847403 -0.416736 0.0380346
-0.132065 0.845403 -0.41055 0.0364283
-0.0646305 0.791835 -0.316221 0.0185708
-0.0526021 0.831834 -0.314493 0.029666
-0.0405389 0.824927 -0.336136 0.00416298
-0.0529339 0.8303 -0.314771 0.0291656
-0.122078 0.849015 -0.491726 0.0277935
0.0107648 0.874623 -0.50018 0.0435641
0.0789969 0.814702 -0.312796 0.0415254
0.096682 0.849943 -0.483514 0.0265458
-0.154683 0.855708 -0.415009 0.0294991
0.0767073 0.800965 -0.339557 0.0247725
-0.114836 0.861284 -0.465779 0.0461918
-0.0898921 0.847837 -0.51162 0.0269782
-0.14107 0.850362 -0.438352 0.042098
-0.135371 0.872746 -0.40723 0.0120745
-0.123733 0.855068 -0.398848 0.0289566
0.108865 0.837282 -0.346091 0.0261493
-0.0935877 0.840229 -0.501399 0.0186367
-0.0885328 0.846722 -0.346358 0.0395961
-0.135213 0.846021 -0.416937 0.0376779
-0.0947732 0.826498 -0.504324 0.00552181
-0.136091 0.855575 -0.453147 0.0440173
-0.0433025 0.866513 -0.50316 0.0481186
-0.142718 0.847662 -0.430163 0.0404407
-0.0285553 0.901938 -0.493461 0.0123634
-0.0882899 0.84673 -0.346059 0.0395755
-0.0472887 0.842385 -0.496771 0.0355147
0.0894501 0.826927 -0.35673 0.0484196
-0.0907414 0.864792 -0.482799 0.0460516
-0.0937358 0.849157 -0.508991 0.0280567
-0.166431 0.875303 -0.442402 0.0312124
-0.105791 0.863464 -0.474849 0.0449774
0.00722817 0.874166 -0.50139 0.0438547
-0.0449577 0.852327 -0.541455 0.0298977
-0.0449655 0.852223 -0.541653 0.0298917
-0.0792394 0.842741 -0.324053 0.0304655
-0.0781523 0.858507 -0.314055 0.0121221
-0.0862389 0.847026 -0.343855 0.0395323
-0.0692446 0.839167 -0.32714 0.0338986
-0.107315 0.878627 -0.490765 0.0334891
-0.078946 0.867529 -0.488022 0.0471044
0.08297 0.817702 -0.334119 0.040739
0.104214 0.81913 -0.304475 0.0197187
-0.0813185 0.883163 -0.505724 0.035321
-0.0322718 0.906282 -0.489585 0.00978777
-0.113198 0.859157 -0.460199 0.0473521
-0.0109313 0.864531 -0.538381 0.031951
0.0395778 0.851035 -0.283198 0.0363559
0.0876177 0.825024 -0.309028 0.0313753
-0.0783566 0.856965 -0.507619 0.0339313
0.0646428 0.86159 -0.509955 0.0233743
-0.0918576 0.865185 -0.482124 0.046231
0.00887938 0.874416 -0.500924 0.0437782
-0.0939856 0.826677 -0.499842 0.00626378
0.0966104 0.871551 -0.411325 0.040086
-0.0422608 0.866501 -0.503114 0.0479092
0.0937545 0.869046 -0.415496 0.0408847
0.0737174 0.835294 -0.330661 0.0469024
-0.0305239 0.867282 -0.503719 0.0463624
0.0554595 0.883811 -0.4017 0.0313624
-0.00471046 0.886938 -0.486438 0.0325165
0.0771098 0.843389 -0.3118 0.0435585
0.0600117 0.866646 -0.363001 0.0333344
0.0884713 0.834023 -0.354955 0.047844
0.0763817 0.851304 -0.453145 0.0430062
0.0397851 0.847032 -0.288247 0.0364599
0.0888374 0.838317 -0.355383 0.0477006
0.0383287 0.823196 -0.312118 0.0489253
0.0918277 0.855799 -0.36566 0.048853
0.0966585 0.862084 -0.335396 0.039637
0.0622186 0.84959 -0.341866 0.0331316
0.0667472 0.86817 -0.371522 0.034138
0.0211267 0.813027 -0.304791 0.0434648
-0.137857 0.876501 -0.405943 0.0077074
0.0766986 0.788684 -0.337371 0.0126361
0.0762075 0.842478 -0.312084 0.0438059
0.0752001 0.862788 -0.416511 0.043423
0.0956993 0.859027 -0.357477 0.046781
0.0304885 0.843229 -0.291095 0.0358637
0.079235 0.78067 -0.337808 0.00495757
0.0766617 0.787002 -0.337124 0.011026
-0.0904846 0.849329 -0.510965 0.0283478
0.0793817 0.818552 -0.357258 0.0424915
0.0704018 0.791857 -0.336251 0.0161779
0.0914942 0.854976 -0.363918 0.0490078
-0.0629077 0.866811 -0.496452 0.0472736
0.0885711 0.833647 -0.355192 0.0478775
0.0878901 0.846467 -0.35373 0.0481046
-0.0424916 0.907651 -0.503102 0.012053
0.0759282 0.841789 -0.312599 0.0440951
0.0599515 0.878888 -0.433187 0.0340522
-0.0990689 0.823124 -0.393277 0.0249396
-0.0158887 0.849933 -0.326797 0.0261682
0.088756 0.832819 -0.35564 0.0479581
0.088605 0.835974 -0.354963 0.0477845
0.0599783 0.876186 -0.3335 0.00554171
0.00273449 0.876917 -0.512434 0.0428659
0.0134556 0.876863 -0.496814 0.0412181
0.0558732 0.868643 -0.473629 0.0416111
0.0137872 0.888561 -0.483277 0.0330106
0.0029194 0.873573 -0.502351 0.0441245
0.0747458 0.848026 -0.437936 0.0530118
0.0895809 0.852544 -0.477711 0.027764
0.0910952 0.852443 -0.360357 0.04913
0.0925122 0.857226 -0.3693 0.0486773
-0.0511341 0.867311 -0.504849 0.0481939
-0.144065 0.843552 -0.462135 0.034412
-0.0853042 0.832627 -0.513092 0.0125
-0.165854 0.8746 -0.442278 0.0310957
-0.102835 0.862936 -0.473158 0.0457638
-0.143587 0.84428 -0.461508 0.0348848
-0.10448 0.862601 -0.471453 0.0458928
-0.10525 0.839216 -0.483831 0.0201776
-0.0249319 0.856548 -0.498484 0.0415135
-0.093103 0.849215 -0.509244 0.0281385
-0.11396 0.839644 -0.433144 0.0330658
-0.152608 0.867107 -0.450719 0.0345668
-0.140561 0.858192 -0.452632 0.0414139
-0.0949616 0.82758 -0.504331 0.00655601
-0.0847975 0.832476 -0.5122 0.0122311
-0.126637 0.833576 -0.475139 0.0186071
-0.11906 0.829566 -0.472495 0.0159498
-0.119357 0.862301 -0.467317 0.0441308
-0.0834197 0.830337 -0.511623 0.00992047
-0.0926607 0.849384 -0.509172 0.0282778
-0.122402 0.856353 -0.446704 0.0450857
-0.0770213 0.84242 -0.515628 0.0206648
-0.0896456 0.825252 -0.50286 0.0037374
-0.167387 0.871872 -0.443103 0.0279453
-0.131457 0.850758 -0.381916 0.0254674
-0.084749 0.849845 -0.515439 0.0288498
-0.0893418 0.840756 -0.50944 0.0197457
-0.103756 0.862809 -0.472232 0.0458613
-0.0918566 0.84425 -0.508358 0.0230868
-0.150009 0.848515 -0.43788 0.0375533
-0.144932 0.877756 -0.470869 0.0320097
-0.12281 0.855996 -0.445701 0.0448061
-0.109876 0.844694 -0.511251 0.024916
-0.146582 0.863284 -0.452256 0.0373195
-0.141207 0.858612 -0.452429 0.041013
-0.0643009 0.85982 -0.51087 0.0377187
-0.0936061 0.840546 -0.491505 0.0214106
-0.146143 0.874926 -0.417841 0.0116705
-0.103582 0.863755 -0.47633 0.0448295
-0.142227 0.837161 -0.481249 0.0287274
-0.0500682 0.874141 -0.508849 0.0442266
-0.111664 0.856446 -0.46062 0.0452217
-0.110992 0.851284 -0.455599 0.0421169
-0.0770337 0.842178 -0.515607 0.0204315
-0.155947 0.87164 -0.452296 0.0334357
-0.124042 0.851921 -0.439574 0.0420134
-0.0335567 0.871132 -0.513957 0.0453348
-0.0933886 0.828292 -0.490672 0.013618
-0.104796 0.863516 -0.475427 0.0449697
-0.0570292 0.863051 -0.50986 0.0419207
-0.0904163 0.840461 -0.473777 0.033069
-0.0791096 0.878154 -0.501163 0.0382166
-0.0967313 0.872544 -0.488214 0.0391996
-0.0922696 0.847568 -0.485104 0.0302033
-0.0668744 0.866911 -0.494021 0.0470705
-0.0835792 0.851435 -0.513551 0.0296295
-0.0794254 0.857699 -0.505749 0.0346454
-0.0681259 0.866957 -0.493339 0.0470889
-0.108937 0.845706 -0.452033 0.0388261
-0.107441 0.84261 -0.450948 0.0371483
-0.0900132 0.849028 -0.512051 0.0282131
-0.141627 0.847222 -0.427878 0.0397331
-0.0826103 0.852682 -0.512122 0.0303998
-0.0866185 0.84893 -0.515569 0.028346
-0.0901091 0.849125 -0.511743 0.0282592
-0.119851 0.873093 -0.479788 0.0361617
-0.0771277 0.842638 -0.515681 0.0208908
-0.0931323 0.849904 -0.507893 0.0285621
-0.0190122 0.869698 -0.50429 0.045843
-0.0843107 0.845401 -0.514548 0.024374
-0.0228842 0.868772 -0.503952 0.0459716
0.0771654 0.856199 -0.433459 0.0508288
-0.054213 0.852049 -0.503309 0.0358325
-0.0898819 0.866868 -0.480699 0.0451337
-0.0643589 0.851338 -0.530929 0.0283406
-0.0940097 0.853975 -0.499681 0.032052
-0.0587297 0.85003 -0.486536 0.0389036
-0.0879056 0.831585 -0.507519 0.0106616
-0.0848646 0.832833 -0.512315 0.0125904
-0.0763143 0.866626 -0.491657 0.045814
0.0837598 0.845002 -0.425149 0.0508777
0.0569935 0.866008 -0.361136 0.0324296
-0.00408162 0.874801 -0.510081 0.0436372
-0.0755297 0.853311 -0.51507 0.0309701
-0.0705982 0.862695 -0.488536 0.0442482
-0.0488657 0.856844 -0.49714 0.044102
-0.088882 0.831697 -0.507208 0.0107911
-0.141237 0.875329 -0.470459 0.0325541
-0.108209 0.812278 -0.352737 0.0221447
-0.0813034 0.787809 -0.336154 0.00845439
-0.110232 0.840387 -0.437147 0.0324528
-0.115314 0.844731 -0.440823 0.0369553
-0.11001 0.838076 -0.439897 0.0337908
-0.114917 0.840403 -0.433021 0.0333473
-0.109594 0.835615 -0.4328 0.031808
-0.0819943 0.79474 -0.332538 0.0154146
-0.141087 0.85411 -0.383545 0.0238509
0.08697 0.882015 -0.416822 0.0263692
-0.0826408 0.815609 -0.343328 0.0285165
-0.0961585 0.811893 -0.34638 0.0231858
-0.126458 0.843955 -0.400209 0.0350703
-0.0937009 0.818687 -0.380009 0.0244677
0.0200929 0.817245 -0.308133 0.0458916
-0.0692633 0.804712 -0.337845 0.0249357
-0.0520087 0.833603 -0.314006 0.0303196
-0.0837937 0.784917 -0.339585 0.00421533
-0.0979861 0.826941 -0.372999 0.0295213
-0.104015 0.833052 -0.385349 0.0306056
-0.0943848 0.855293 -0.410158 0.00345281
-0.0510085 0.867642 -0.50424 0.0487617
-0.0984407 0.839527 -0.428827 0.0194412
-0.104021 0.836246 -0.371665 0.036479
-0.0510449 0.867632 -0.504227 0.0487626
-0.0987542 0.829692 -0.362364 0.0337076
-0.05315 0.835076 -0.314673 0.0309381
-0.13823 0.873165 -0.383938 0.00590666
-0.147435 0.831523 -0.423312 0.0298061
-0.102979 0.843976 -0.369243 0.0392758
-0.132014 0.837122 -0.40056 0.0294675
-0.150425 0.853768 -0.434669 0.0376828
-0.151832 0.848918 -0.437444 0.0358978
-0.0881628 0.819299 -0.349314 0.029542
-0.132636 0.832558 -0.396197 0.0262585
-0.108659 0.865908 -0.457701 0.0436139
-0.147337 0.831694 -0.423311 0.0298677
-0.135746 0.83927 -0.409534 0.0315456
-0.0673227 0.827544 -0.325925 0.0285503
-0.148981 0.828745 -0.423334 0.0289423
-0.0802077 0.790297 -0.334631 0.0111452
-0.143327 0.84272 -0.426614 0.03633
-0.147194 0.832132 -0.423464 0.0300617
-0.157763 0.844602 -0.412642 0.0189575
-0.110753 0.849204 -0.452841 0.0408353
-0.126656 0.8472 -0.392965 0.0324404
-0.14273 0.832127 -0.414882 0.028197
-0.0900923 0.850032 -0.435228 0.0141602
-0.139823 0.849486 -0.433592 0.0409159
-0.0796484 0.783973 -0.337392 0.00594778
-0.0908534 0.812696 -0.344328 0.0245595
0.0213154 0.797462 -0.293661 0.0392324
-0.084334 0.787703 -0.338311 0.00662348
-0.0871705 0.818667 -0.348204 0.0293396
-0.0803898 0.791001 -0.334379 0.0117894
-0.0714918 0.800378 -0.337085 0.0204179
-0.0738224 0.841139 -0.320634 0.0294746
-0.0731907 0.807123 -0.334467 0.026551
-0.0712328 0.804623 -0.344894 0.0234767
-0.0813033 0.787842 -0.336138 0.00848545
-0.0876405 0.810926 -0.340675 0.0242655
-0.0994619 0.829638 -0.370657 0.0319159
-0.0105647 0.876986 -0.518718 0.0441422
-0.0800948 0.787363 -0.335916 0.00841631
-0.0847172 0.786356 -0.339553 0.00505515
-0.0817376 0.795311 -0.332212 0.0160613
-0.091442 0.845713 -0.350474 0.0393966
-0.00251306 0.845671 -0.324537 0.0278647
-0.0763866 0.801542 -0.334074 0.0209398
-0.0729354 0.797542 -0.336753 0.0175285
0.0304693 0.846543 -0.287525 0.0355431
-0.0691474 0.784684 -0.33439 0.00556596
-0.0785626 0.784846 -0.33684 0.00671583
-0.0783307 0.78679 -0.336387 0.00805062
-0.0793634 0.78815 -0.335549 0.00921246
-0.0787806 0.785862 -0.336537 0.00742166
-0.0694992 0.836305 -0.327392 0.0323
-0.0634724 0.808147 -0.322821 0.0289373
-0.0783126 0.784065 -0.337089 0.0062387
-0.0928833 0.824499 -0.354786 0.0314501
-0.053048 0.835055 -0.314611 0.0309287
-0.0543128 0.780189 -0.329366 0.00176162
-0.0448231 0.824176 -0.327385 0.0132514
0.0757179 0.806152 -0.340645 0.0300339
-0.100743 0.831716 -0.366012 0.0346062
-0.0515531 0.82555 -0.313742 0.0278202
-0.0602905 0.805353 -0.325684 0.0263628
-0.0905083 0.821475 -0.351915 0.0303398
-0.0541454 0.785207 -0.334805 0.0086009
-0.114923 0.839662 -0.383764 0.0343979
-0.0568363 0.803097 -0.328854 0.0239301
-0.0578779 0.805171 -0.323029 0.0266988
-0.0584479 0.806144 -0.320409 0.0283462
-0.056667 0.78487 -0.32332 0.0086476
-0.108557 0.81186 -0.352628 0.0220184
-0.0767667 0.810949 -0.335263 0.0282782
-0.100548 0.841553 -0.429185 0.0209422
-0.0633209 0.786533 -0.329578 0.0076633
-0.064558 0.808493 -0.323723 0.0288819
-0.0505847 0.884754 -0.516332 0.0385346
-0.091043 0.821017 -0.351748 0.029852
-0.0858238 0.84625 -0.343508 0.0389844
-0.0781029 0.808061 -0.355506 0.0226893
-0.0842065 0.816564 -0.344854 0.0286971
-0.0820057 0.815143 -0.342614 0.0284367
-0.107824 0.813293 -0.353236 0.0224708
-0.104995 0.80812 -0.347903 0.0213047
-0.0873326 0.818777 -0.348362 0.0293779
-0.0994228 0.822391 -0.355677 0.0284237
-0.0644121 0.831207 -0.323756 0.0295238
-0.0713302 0.804722 -0.344817 0.023501
-0.0600506 0.804193 -0.328832 0.0249321
-0.0732752 0.808458 -0.333884 0.027833
-0.0779864 0.843263 -0.334752 0.0367568
-0.0698784 0.831282 -0.327912 0.0298675
-0.0727429 0.807858 -0.334602 0.0272993
-0.0720097 0.807206 -0.335233 0.0267431
-0.0531656 0.831306 -0.314865 0.0294842
-0.118316 0.84037 -0.388313 0.0336921
-0.128148 0.845675 -0.403091 0.0358834
-0.0855494 0.817317 -0.346394 0.0289044
-0.0554432 0.830367 -0.316235 0.0292645
-0.0499523 0.806879 -0.312554 0.0304118
-0.041891 0.823353 -0.33081 0.00879736
0.00630844 0.808539 -0.316926 0.0363299
-0.0531269 0.82991 -0.314909 0.0290514
-0.0678645 0.803599 -0.338855 0.0243412
-0.0532415 0.829606 -0.31499 0.0289637
-0.0518568 0.828759 -0.31704 0.0263675
-0.0537955 0.829814 -0.315304 0.0290225
-0.05737 0.830941 -0.31787 0.0292858
-0.0399724 0.824355 -0.337327 0.00275916
-0.039835 0.82442 -0.337246 0.00281494
-0.0461867 0.833945 -0.326266 0.0186139
-0.04212 0.830029 -0.332267 0.0105502
-0.0402715 0.824886 -0.336581 0.00371812
-0.0612949 0.836518 -0.320875 0.0318709
-0.0906912 0.821726 -0.352108 0.0304266
-0.10213 0.834254 -0.369076 0.0357405
-0.08613 0.815418 -0.358709 0.0249129
-0.102655 0.834881 -0.369848 0.0359612
-0.0922953 0.823879 -0.354153 0.0312038
-0.0858727 0.847046 -0.343465 0.0395269
-0.0680494 0.818715 -0.326658 0.0272474
-0.0683716 0.821835 -0.326837 0.0273923
-0.104206 0.836404 -0.371892 0.0365418
-0.087565 0.814225 -0.368771 0.0230531
-0.0766384 0.811132 -0.335401 0.0284191
-0.0765732 0.811073 -0.335338 0.0284215
-0.0740839 0.809349 -0.332894 0.0286452
-0.0713566 0.809296 -0.330401 0.0286175
-0.0728711 0.809324 -0.3317 0.0286319
-0.079017 0.813155 -0.338669 0.0282032
-0.0857752 0.847062 -0.343375 0.0395263
-0.0820773 0.81518 -0.342696 0.0284462
-0.102093 0.846219 -0.34123 0.0315263
-0.101489 0.832852 -0.367679 0.035106
-0.0828627 0.810422 -0.364041 0.0226953
-0.105606 0.838197 -0.373902 0.0371144
-0.0954397 0.826629 -0.357155 0.0324327
-0.0972011 0.828512 -0.358729 0.0334605
-0.092028 0.823562 -0.35384 0.0310784
-0.0874212 0.817296 -0.356655 0.026318
-0.0794582 0.807734 -0.361314 0.0224747
0.0173552 0.813925 -0.31302 0.0414686
-0.0915976 0.845143 -0.350506 0.0391666
-0.102101 0.834209 -0.369025 0.0357226
-0.0945842 0.821975 -0.373509 0.0264442
-0.113372 0.830167 -0.373389 0.0288647
-0.121725 0.846124 -0.390333 0.0338999
-0.0899967 0.846529 -0.348174 0.0397031
-0.099094 0.843325 -0.35388 0.0366237
-0.12855 0.845513 -0.404648 0.0361465
-0.115989 0.824675 -0.370769 0.0254954
-0.105066 0.837559 -0.372889 0.0369953
-0.111052 0.845468 -0.361716 0.0315366
-0.0957955 0.843549 -0.355137 0.0388236
-0.122766 0.846235 -0.39187 0.0340323
-0.125707 0.839501 -0.394044 0.0313994
-0.0416585 0.870986 -0.511537 0.0454531
-0.128753 0.827871 -0.386458 0.024127
-0.142294 0.851939 -0.394581 0.0252448
-0.101565 0.843961 -0.367195 0.039292
-0.142346 0.866332 -0.380675 0.0136324
-0.158064 0.857686 -0.414579 0.0292648
-0.136808 0.852061 -0.386787 0.0254536
-0.101005 0.843968 -0.366023 0.0391946
-0.101396 0.843958 -0.366926 0.0392929
-0.112795 0.84572 -0.359027 0.0297369
-0.120514 0.846087 -0.388623 0.0338151
-0.100483 0.843884 -0.364821 0.0390526
-0.102614 0.843993 -0.368712 0.0392743
-0.139119 0.871138 -0.383316 0.007948
-0.103705 0.843952 -0.370217 0.039272
-0.0638758 0.867244 -0.49814 0.0470144
-0.124973 0.847434 -0.396553 0.0340201
-0.0633695 0.861063 -0.508616 0.0396761
-0.0995431 0.846183 -0.338182 0.0314742
-0.108679 0.844558 -0.344513 0.0294258
-0.0797043 0.846326 -0.338477 0.0380463
-0.0929044 0.846367 -0.346492 0.0374851
-0.142547 0.876148 -0.470627 0.0323375
-0.083828 0.847101 -0.341352 0.0392901
-0.110434 0.849087 -0.453157 0.0408016
-0.153181 0.868046 -0.411324 0.0178123
-0.0915878 0.845528 -0.350444 0.0394049
-0.0907804 0.846 -0.349199 0.0395416
-0.0917058 0.845467 -0.350595 0.0393801
-0.126878 0.844166 -0.401079 0.035255
-0.11667 0.842853 -0.434745 0.0348334
-0.112411 0.842212 -0.441269 0.035803
-0.109989 0.836253 -0.433667 0.0321733
-0.112212 0.840996 -0.439727 0.0351341
-0.123387 0.851008 -0.439154 0.0412804
-0.111878 0.840196 -0.438517 0.0344892
-0.113548 0.842243 -0.439655 0.0356375
-0.116719 0.857728 -0.455141 0.0463908
-0.118633 0.85727 -0.452647 0.0459369
-0.12713 0.846033 -0.400373 0.035278
-0.114527 0.855577 -0.455253 0.044913
-0.154899 0.855886 -0.415628 0.0297567
-0.115726 0.836751 -0.417854 0.0290919
-0.124951 0.843162 -0.397466 0.0345313
-0.12384 0.842819 -0.395286 0.0343149
-0.120915 0.841562 -0.39146 0.033744
-0.120219 0.841249 -0.390623 0.0336825
-0.0765305 0.875327 -0.499654 0.0402908
-0.128002 0.845063 -0.403168 0.0358412
-0.126907 0.846063 -0.399813 0.0351771
-0.0993169 0.849754 -0.442675 0.0256819
-0.064551 0.837996 -0.323904 0.0329177
-0.0844829 0.848551 -0.343821 0.0395191
-0.0854438 0.847118 -0.343026 0.039506
-0.0894722 0.846791 -0.339194 0.0358217
-0.0638956 0.839653 -0.306512 0.0246951
-0.0466515 0.846204 -0.325997 0.0278732
-0.0810088 0.842878 -0.320099 0.0283017
-0.0715349 0.840806 -0.31811 0.0284222
-0.10562 0.865697 -0.460703 0.0437784
-0.052775 0.835674 -0.315259 0.0305504
-0.074279 0.850511 -0.340845 0.0372978
-0.142467 0.866101 -0.380581 0.0138961
-0.0783058 0.861106 -0.312435 0.00914307
-0.0419801 0.833516 -0.307518 0.030904
-0.0661221 0.838542 -0.32509 0.033356
-0.0683656 0.838916 -0.326479 0.0337211
-0.0662509 0.838561 -0.325187 0.0333822
-0.0706219 0.849434 -0.313631 0.0187609
-0.0498371 0.840279 -0.297283 0.0248985
-0.032874 0.857963 -0.316152 0.013813
-0.0272665 0.849168 -0.313953 0.0215304
-0.0504353 0.840147 -0.319796 0.0285061
-0.0521078 0.834873 -0.314002 0.0308414
-0.139725 0.855514 -0.384329 0.0222902
-0.0497464 0.86797 -0.504585 0.0487632
-0.0317473 0.871414 -0.514446 0.0452738
-0.0501616 0.845774 -0.326267 0.0285586
-0.0558819 0.835362 -0.316247 0.0311645
-0.0543207 0.836749 -0.310556 0.028332
-0.0544062 0.835349 -0.31539 0.0310644
-0.0458923 0.836445 -0.303372 0.0275065
-0.0421065 0.833689 -0.307243 0.0307069
-0.0697664 0.83932 -0.327472 0.0339835
0.0452815 0.840398 -0.36748 0.00582583
-0.0347239 0.837759 -0.296776 0.0288313
0.0342726 0.807576 -0.337621 0.0327712
-0.034002 0.84081 -0.292371 0.0279497
-0.0761912 0.841718 -0.31584 0.0268756
-0.0421257 0.833533 -0.307587 0.0308906
-0.0644159 0.838278 -0.317559 0.02928
-0.0745222 0.841477 -0.331334 0.0352626
-0.0423448 0.833538 -0.307691 0.0308637
-0.0691775 0.840362 -0.31242 0.0260738
-0.0505107 0.83475 -0.313022 0.0306244
-0.0542844 0.837554 -0.30826 0.0271286
-0.0437223 0.840144 -0.317775 0.0274075
-0.0448002 0.84511 -0.324181 0.0273085
-0.0503414 0.840274 -0.319914 0.0284635
-0.0504879 0.835601 -0.314234 0.0301814
-0.076176 0.841696 -0.320704 0.0291954
-0.0739962 0.841038 -0.323024 0.0306902
-0.0548672 0.853884 -0.316787 0.016674
-0.0805727 0.845527 -0.33812 0.0381986
-0.0515622 0.834816 -0.313709 0.0307812
-0.0614399 0.836733 -0.321011 0.0319856
-0.0550126 0.852442 -0.317995 0.0185034
-0.0562707 0.858593 -0.313339 0.0110817
-0.054888 0.842934 -0.324487 0.029542
-0.0742414 0.841167 -0.326789 0.0326338
-0.0613118 0.836682 -0.320878 0.0319521
-0.0646569 0.838039 -0.323984 0.0329475
-0.0757065 0.841928 -0.332326 0.0356889
-0.0776298 0.842931 -0.334237 0.036553
-0.0806819 0.845605 -0.338243 0.0382503
-0.0720929 0.841348 -0.310568 0.0251436
-0.0731953 0.840973 -0.319972 0.0292295
-0.0714421 0.840023 -0.32877 0.0343067
-0.06941 0.84008 -0.319621 0.0294769
-0.0744059 0.846268 -0.336563 0.0359106
-0.0777063 0.842986 -0.33433 0.0365936
-0.0797233 0.844877 -0.337006 0.0377273
-0.0828984 0.847014 -0.340397 0.0391742
-0.0756474 0.841607 -0.320082 0.0289453
-0.078725 0.84254 -0.323503 0.0302334
0.066301 0.873225 -0.406555 0.035392
-0.0651911 0.860767 -0.309923 0.00723789
-0.087065 0.848647 -0.310923 0.0206807
-0.0780454 0.856117 -0.316161 0.0152348
-0.0648096 0.83974 -0.325937 0.0328908
-0.0645262 0.839821 -0.325922 0.0328037
-0.0649011 0.84004 -0.326383 0.032879
-0.124531 0.846165 -0.394608 0.0344761
-0.0794186 0.842996 -0.328157 0.0326903
-0.0795994 0.843634 -0.332792 0.0353669
-0.0821064 0.84819 -0.341048 0.0391815
-0.0825433 0.846849 -0.340046 0.0390503
-0.0795768 0.843501 -0.332142 0.0349968
-0.0759829 0.882051 -0.506678 0.0361086
-0.0188649 0.869977 -0.525399 0.0383129
-0.114364 0.855407 -0.455264 0.0447995
-0.140979 0.848652 -0.416739 0.0344224
-0.129696 0.847186 -0.415514 0.037738
-0.124491 0.854752 -0.408006 0.0315589
-0.124172 0.857514 -0.436346 0.0402916
-0.122877 0.853433 -0.399537 0.0309012
-0.124304 0.852395 -0.401905 0.0317402
-0.130549 0.866079 -0.409211 0.0202355
-0.144062 0.859193 -0.413409 0.0235728
-0.121395 0.855678 -0.399398 0.0297212
-0.116929 0.862576 -0.399235 0.027458
-0.154243 0.855522 -0.41584 0.0299074
-0.134695 0.869646 -0.389215 0.0093896
-0.147469 0.854315 -0.39112 0.0234994
-0.138216 0.873891 -0.393146 0.00493015
-0.156843 0.858424 -0.430562 0.0335893
-0.146574 0.853633 -0.458047 0.0333455
-0.10728 0.863517 -0.448006 0.0358601
-0.158659 0.858042 -0.414333 0.0291902
-0.13846 0.871628 -0.383905 0.00729154
-0.12476 0.854895 -0.409885 0.0319225
-0.155799 0.856342 -0.414832 0.0293606
-0.135039 0.845959 -0.416461 0.0375385
-0.162207 0.860746 -0.414801 0.0295495
-0.146614 0.870981 -0.409398 0.0119246
-0.11889 0.846043 -0.386298 0.0338922
-0.146774 0.857891 -0.414256 0.0253145
-0.153774 0.855256 -0.415906 0.029988
-0.13294 0.846709 -0.417377 0.0378778
-0.127343 0.850844 -0.412841 0.0346912
-0.124713 0.852621 -0.403622 0.0318912
-0.13708 0.846224 -0.420458 0.0382752
-0.129621 0.847049 -0.414827 0.0375702
-0.127053 0.852949 -0.43709 0.0428044
-0.120688 0.860518 -0.407679 0.0289555
-0.121728 0.848941 -0.369078 0.0270734
-0.138473 0.872137 -0.383723 0.00689418
-0.076886 0.870129 -0.492815 0.0446489
-0.138433 0.85287 -0.385442 0.0246905
-0.111536 0.852268 -0.455481 0.0428163
-0.13887 0.861734 -0.433585 0.0302714
-0.114733 0.856096 -0.455504 0.0452537
-0.115448 0.845455 -0.381618 0.0347289
-0.135479 0.863681 -0.387615 0.0144538
-0.125377 0.846462 -0.396244 0.0346358
-0.113089 0.846034 -0.377088 0.0347138
0.0235702 0.8475 -0.331029 0.031566
-0.158884 0.858193 -0.414282 0.029175
-0.147677 0.871129 -0.40958 0.0121909
-0.152081 0.86842 -0.411081 0.0168626
-0.150964 0.873767 -0.409978 0.0118882
-0.152045 0.869839 -0.410754 0.0156513
-0.127952 0.851938 -0.433936 0.0418103
-0.138598 0.846502 -0.423264 0.0387142
-0.118125 0.863831 -0.405878 0.0278362
-0.135368 0.84608 -0.417254 0.037751
-0.136012 0.846188 -0.418433 0.0379609
-0.129731 0.847649 -0.418929 0.0383631
-0.136714 0.846189 -0.419596 0.0381293
-0.142993 0.847871 -0.430882 0.0406331
-0.16028 0.859353 -0.415098 0.0294604
-0.142712 0.847656 -0.430142 0.0404339
-0.129348 0.84629 -0.411209 0.0368751
-0.13465 0.846199 -0.417047 0.03772
-0.05586 0.851909 -0.534351 0.0289254
-0.0963064 0.871914 -0.460827 0.0408665
-0.158201 0.857751 -0.414424 0.0292098
-0.0766248 0.87549 -0.499782 0.0401657
-0.125956 0.857215 -0.456573 0.0443855
-0.129751 0.847504 -0.417985 0.0382437
-0.129746 0.847491 -0.417795 0.0382108
-0.121135 0.861873 -0.413466 0.0300748
-0.121518 0.861198 -0.413365 0.0302492
-0.1369 0.855291 -0.452194 0.0440936
-0.129639 0.848018 -0.42151 0.0387772
-0.129394 0.848671 -0.424334 0.0392577
-0.146199 0.850232 -0.423454 0.0352523
-0.154712 0.855788 -0.415794 0.0298424
-0.128446 0.850873 -0.431294 0.0409625
-0.12639 0.853469 -0.439014 0.0434431
-0.126687 0.853306 -0.438277 0.043222
-0.157239 0.857267 -0.415527 0.029612
-0.157235 0.857265 -0.415532 0.0296134
-0.157241 0.857269 -0.415527 0.0296119
-0.153082 0.85488 -0.425665 0.033534
-0.127022 0.859936 -0.411194 0.0273934
-0.134144 0.870947 -0.40773 0.014199
-0.144014 0.848794 -0.433131 0.0411143
-0.143742 0.848607 -0.433287 0.0413508
-0.124579 0.85607 -0.412535 0.0320814
-0.139228 0.847792 -0.417628 0.0357757
-0.139731 0.848023 -0.417579 0.0354936
-0.1357 0.846179 -0.417907 0.0378933
-0.124705 0.855182 -0.410567 0.0319548
-0.126228 0.853567 -0.439298 0.0434957
-0.1268 0.853478 -0.439351 0.0433701
-0.155731 0.870554 -0.418956 0.0198933
-0.143763 0.848615 -0.433341 0.0413628
-0.158097 0.868555 -0.407814 0.0192242
-0.158683 0.867116 -0.408802 0.0208365
-0.16222 0.862417 -0.428006 0.0318724
-0.0969149 0.860747 -0.488539 0.0388812
-0.160577 0.858414 -0.409201 0.0275532
-0.124499 0.854349 -0.406927 0.0315339
-0.124922 0.852491 -0.404085 0.0320428
-0.128237 0.845682 -0.403396 0.0359332
-0.133079 0.845444 -0.411921 0.03656
-0.11347 0.861009 -0.464547 0.0466574
-0.120157 0.856851 -0.450757 0.0456565
-0.105481 0.863354 -0.474396 0.0451089
-0.097366 0.864765 -0.480139 0.045042
-0.126342 0.853505 -0.439106 0.0434633
-0.058765 0.857895 -0.520874 0.0340283
-0.125266 0.855651 -0.437375 0.0416226
-0.154266 0.856565 -0.43272 0.0351944
-0.152702 0.855409 -0.434038 0.0363223
-0.159242 0.860249 -0.430168 0.032835
-0.156672 0.858348 -0.432042 0.034062
-0.120474 0.859309 -0.463854 0.045371
-0.125465 0.854038 -0.440475 0.0436714
-0.12089 0.859295 -0.463961 0.0452894
-0.0703094 0.861261 -0.449142 0.0150087
-0.124739 0.846015 -0.49505 0.0261665
-0.112314 0.860055 -0.461982 0.0473835
-0.113123 0.859226 -0.460483 0.0473847
-0.129368 0.871248 -0.471703 0.0358088
-0.114709 0.859251 -0.461244 0.046841
-0.118043 0.847708 -0.497122 0.0258435
-0.109161 0.861422 -0.465978 0.0465881
-0.0767013 0.860151 -0.503407 0.0373172
-0.112222 0.860142 -0.462148 0.0473845
-0.0946432 0.864709 -0.479885 0.045758
-0.108096 0.869267 -0.455863 0.0410869
-0.110333 0.862313 -0.460786 0.0461677
-0.0506397 0.881516 -0.513929 0.0399453
-0.128093 0.856131 -0.451298 0.0441758
-0.135945 0.855332 -0.451844 0.0440218
-0.111738 0.860613 -0.462886 0.0473645
-0.151558 0.867018 -0.4516 0.0349187
-0.139451 0.871882 -0.467979 0.0337765
-0.0955633 0.864993 -0.480996 0.0453579
-0.0572788 0.865493 -0.504133 0.0461418
-0.0443884 0.858999 -0.528189 0.0335718
-0.0997986 0.876185 -0.491069 0.0362247
-0.07598 0.866448 -0.492344 0.0455101
-0.101293 0.845144 -0.51353 0.0258416
-0.0898081 0.848957 -0.512429 0.0281797
-0.0880091 0.848182 -0.515653 0.0280019
-0.09305 0.857747 -0.493729 0.0363096
-0.0946381 0.849256 -0.508189 0.0280653
-0.0961193 0.848475 -0.509065 0.0274009
-0.0940836 0.851058 -0.505004 0.0293836
-0.094011 0.853977 -0.499736 0.0320509
-0.0940109 0.853998 -0.499697 0.0320742
-0.134113 0.848948 -0.468645 0.0350378
-0.12029 0.873711 -0.480218 0.0357642
-0.0931932 0.849967 -0.507725 0.0285999
-0.0983647 0.849508 -0.506511 0.0275778
-0.0940163 0.850647 -0.505808 0.0290803
-0.0997457 0.854031 -0.498757 0.0307128
-0.0909212 0.847946 -0.513976 0.0274942
-0.0923716 0.860358 -0.489506 0.0397664
-0.0444773 0.890307 -0.474553 0.0336645
-0.0462032 0.881976 -0.516729 0.0392876
-0.110881 0.88079 -0.453608 0.0306514
-0.125991 0.878741 -0.482482 0.0331858
-0.0229658 0.870315 -0.502033 0.0441968
-0.114399 0.862687 -0.471273 0.0447965
-0.135482 0.855763 -0.453737 0.043982
-0.102496 0.85158 -0.502177 0.0281454
-0.136808 0.842526 -0.477563 0.0298844
-0.135024 0.840414 -0.489757 0.0265912
-0.145407 0.878256 -0.471123 0.0319518
-0.0976498 0.874779 -0.490253 0.0374018
-0.0632593 0.850287 -0.534274 0.0280985
-0.105862 0.863458 -0.474813 0.0449748
-0.107481 0.863258 -0.474096 0.0448569
-0.120491 0.850617 -0.489794 0.0289808
-0.113437 0.862819 -0.471752 0.0447418
-0.117501 0.869225 -0.476777 0.0389877
-0.118561 0.855157 -0.482718 0.0340493
-0.114119 0.862751 -0.471515 0.0447582
-0.117339 0.86872 -0.47634 0.0393925
-0.114178 0.873581 -0.482145 0.0358526
-0.106091 0.883832 -0.496842 0.0321326
-0.109256 0.845681 -0.509789 0.0249063
-0.0770476 0.867628 -0.489327 0.0471694
-0.076567 0.874819 -0.499024 0.0406638
-0.0625907 0.861658 -0.50804 0.0404819
-0.0936447 0.865192 -0.481998 0.0457189
-0.094601 0.863843 -0.484011 0.0435812
-0.0943954 0.866495 -0.483085 0.0444132
-0.126131 0.869359 -0.471277 0.0376945
-0.162483 0.876329 -0.449421 0.0323365
-0.122241 0.855558 -0.473194 0.0382066
-0.118019 0.860922 -0.466581 0.0455516
-0.117533 0.861256 -0.467034 0.0455754
-0.116841 0.861722 -0.467716 0.045604
-0.119422 0.867193 -0.473211 0.0405522
-0.115406 0.862423 -0.47027 0.0449895
-0.116252 0.862022 -0.468713 0.0453632
-0.128509 0.877772 -0.479926 0.0335631
-0.120222 0.865391 -0.469826 0.0419885
-0.12102 0.866186 -0.470259 0.0412286
-0.121913 0.866991 -0.470666 0.0404444
-0.120798 0.859319 -0.464017 0.0453121
-0.122635 0.867686 -0.471051 0.0397979
-0.126936 0.870935 -0.472481 0.0367181
-0.120036 0.85972 -0.464661 0.045383
-0.139064 0.871405 -0.467703 0.034
-0.130905 0.856896 -0.457349 0.0440534
-0.127748 0.871014 -0.472234 0.0364251
-0.142031 0.845852 -0.461259 0.0356257
-0.141192 0.838294 -0.480653 0.0288281
-0.172492 0.85596 -0.45922 0.0110398
-0.138709 0.870938 -0.467414 0.0342257
-0.135784 0.879064 -0.477044 0.0321921
-0.118046 0.860908 -0.46656 0.0455479
-0.119665 0.859945 -0.465001 0.0454086
-0.146536 0.878874 -0.471013 0.0318974
-0.141039 0.838488 -0.480405 0.0288839
-0.131069 0.856861 -0.457211 0.0440432
-0.134333 0.85607 -0.454609 0.0439518
-0.142325 0.83688 -0.48236 0.0285625
-0.141391 0.85872 -0.452338 0.0409053
-0.129684 0.857313 -0.458536 0.0440496
-0.142975 0.836366 -0.481681 0.0286961
-0.128806 0.85759 -0.459437 0.0440571
-0.136887 0.855311 -0.452281 0.0440907
-0.16059 0.875061 -0.450501 0.0325114
-0.156681 0.872106 -0.452063 0.0332987
-0.137621 0.859006 -0.45561 0.0412305
-0.159195 0.873993 -0.451067 0.0327151
-0.15571 0.870396 -0.450878 0.0333953
-0.140128 0.85786 -0.452614 0.041708
-0.147894 0.868824 -0.458576 0.0345747
-0.122548 0.856214 -0.446305 0.0449763
-0.154114 0.869012 -0.451212 0.0339827
-0.141816 0.846182 -0.460969 0.0358716
-0.139968 0.861211 -0.456297 0.0393779
-0.149739 0.875102 -0.464294 0.0326226
-0.147432 0.871869 -0.462398 0.0334267
-0.146266 0.836987 -0.473263 0.029897
-0.13907 0.849032 -0.46009 0.0376262
-0.149405 0.833728 -0.474477 0.0300455
-0.120033 0.856861 -0.450749 0.045689
-0.139543 0.848549 -0.460254 0.0373051
-0.140192 0.847858 -0.460485 0.0368553
-0.144185 0.868776 -0.461403 0.0347248
-0.146398 0.872008 -0.463371 0.0333785
-0.146611 0.853333 -0.458109 0.0332927
-0.149961 0.849112 -0.461989 0.0288563
-0.14654 0.853378 -0.458055 0.0333794
-0.115686 0.85808 -0.456321 0.0466073
-0.153553 0.869526 -0.45238 0.0340715
-0.157317 0.87384 -0.453924 0.0330249
-0.152074 0.868262 -0.452416 0.034565
-0.155516 0.87651 -0.460676 0.032744
-0.147216 0.866713 -0.456757 0.0355581
-0.0840534 0.850004 -0.515631 0.028906
-0.0977322 0.871104 -0.460414 0.0410992
-0.121753 0.856521 -0.447852 0.0452275
-0.151372 0.872241 -0.459556 0.0333833
-0.151153 0.872018 -0.459497 0.0334443
-0.11095 0.861648 -0.460668 0.0463997
-0.119549 0.861339 -0.443645 0.0415505
0.00896824 0.874929 -0.502519 0.0433774
-0.11721 0.865685 -0.439903 0.0386853
-0.118416 0.863568 -0.441248 0.0397981
-0.0917758 0.866794 -0.483541 0.0449144
-0.102592 0.871482 -0.42739 0.025082
-0.0913716 0.861482 -0.45207 0.0281576
-0.111373 0.848761 -0.451609 0.0404682
-0.0506145 0.866951 -0.502334 0.0490888
-0.111479 0.848866 -0.451596 0.0405207
-0.117585 0.854483 -0.450899 0.0438898
-0.111411 0.848729 -0.451515 0.0404352
-0.111528 0.848314 -0.450874 0.0400945
-0.0936935 0.848856 -0.432631 0.0152558
-0.112478 0.843174 -0.442403 0.0362804
-0.120063 0.856857 -0.4507 0.0456803
-0.0584193 0.866835 -0.499023 0.0478889
-0.0825789 0.879968 -0.456107 0.0359802
-0.0845794 0.849905 -0.515491 0.0288835
-0.0737123 0.854197 -0.514556 0.0317207
-0.0819147 0.850248 -0.516643 0.0289215
0.0592005 0.87928 -0.43765 0.0344151
-0.0756511 0.868095 -0.499397 0.0403685
-0.0824785 0.850072 -0.516566 0.0288474
-0.0752228 0.863047 -0.499633 0.0407441
-0.0767575 0.860974 -0.502103 0.0382345
-0.0452696 0.888548 -0.480504 0.0318649
-0.0680736 0.867445 -0.496103 0.0467554
-0.0759514 0.853075 -0.515264 0.0307742
-0.0796039 0.850834 -0.516939 0.0292168
-0.0734281 0.847309 -0.533016 0.0267753
-0.0817251 0.867111 -0.486591 0.0468001
-0.0485137 0.856105 -0.49683 0.0438294
-0.0854231 0.849023 -0.516889 0.0282714
-0.0447962 0.854427 -0.53742 0.0303682
-0.046598 0.88117 -0.515972 0.0396883
-0.0499533 0.863544 -0.500598 0.0471571
-0.0254031 0.880528 -0.488584 0.0343468
-0.0228275 0.868789 -0.503958 0.0459689
0.0984927 0.848883 -0.482039 0.0265778
-0.061727 0.852267 -0.531166 0.0289135
0.0589759 0.881251 -0.406182 0.0316106
-0.0612502 0.854916 -0.525362 0.0309573
-0.0599227 0.857853 -0.519516 0.0342971
-0.0565034 0.863891 -0.508373 0.0432766
-0.0150265 0.870628 -0.504276 0.0457109
-0.0540961 0.85656 -0.52555 0.0323859
-0.0617859 0.880677 -0.511463 0.0385158
-0.0410385 0.869547 -0.510864 0.0464664
-0.0550689 0.866952 -0.50252 0.0485289
-0.053862 0.867194 -0.503252 0.0485667
-0.0291769 0.90681 -0.494182 0.0074974
-0.0297276 0.905776 -0.49341 0.00859002
-0.0500705 0.888204 -0.519152 0.0374103
-0.0450081 0.853663 -0.538841 0.0301193
-0.0537386 0.866547 -0.501475 0.0488642
-0.0542121 0.866714 -0.501968 0.0487385
-0.0454489 0.852384 -0.541146 0.0298772
0.00878366 0.874401 -0.50096 0.0437886
-0.0603256 0.874084 -0.506401 0.0424602
-0.0588924 0.867801 -0.501326 0.0472816
-0.0186793 0.874101 -0.514747 0.0447407
0.0569174 0.870775 -0.478283 0.0399744
-0.0562051 0.867058 -0.502118 0.0482596
-0.0585227 0.867216 -0.500984 0.0478034
-0.0587581 0.867227 -0.500842 0.0477651
-0.0545331 0.86701 -0.502802 0.0485801
-0.0494998 0.867242 -0.502642 0.0490807
-0.052964 0.867422 -0.503805 0.0485773
-0.0794601 0.881263 -0.504461 0.036384
-0.0747298 0.867161 -0.489085 0.0472941
-0.0756462 0.867506 -0.490634 0.0470234
-0.0755452 0.867501 -0.490734 0.0470117
-0.0751518 0.867497 -0.491141 0.0469558
-0.0752376 0.872953 -0.497931 0.0420621
-0.0720638 0.867536 -0.494112 0.0466702
-0.0728316 0.867511 -0.493355 0.0467185
-0.0716981 0.86701 -0.491058 0.0470997
-0.0731679 0.867063 -0.490072 0.0471802
-0.0738582 0.867095 -0.489651 0.0472329
-0.068243 0.866964 -0.493271 0.0470901
-0.0693784 0.866962 -0.492567 0.047072
-0.0707948 0.86747 -0.494693 0.0466995
-0.0685361 0.867459 -0.495831 0.04676
-0.0695804 0.867446 -0.495286 0.0467318
-0.0682734 0.867012 -0.493536 0.0470522
-0.0748507 0.877185 -0.476135 0.0403696
-0.0752246 0.87619 -0.477156 0.0409163
-0.0686217 0.868494 -0.496825 0.0458339
-0.0698796 0.884554 -0.511678 0.0357237
-0.0765032 0.86999 -0.484471 0.0452493
-0.076543 0.86983 -0.484653 0.0453829
-0.0751227 0.867496 -0.491168 0.0469524
-0.0742829 0.867122 -0.489381 0.0472643
-0.0793301 0.879993 -0.503195 0.0371039
-0.0826321 0.885129 -0.507244 0.0344559
-0.0813943 0.880988 -0.503118 0.0363152
-0.0783408 0.872198 -0.494244 0.0428127
-0.0780913 0.870376 -0.492038 0.0444995
-0.0789171 0.872977 -0.494817 0.0421076
-0.0295067 0.909255 -0.49466 0.00507362
-0.0842524 0.884377 -0.505596 0.0343918
-0.0805001 0.875032 -0.496405 0.0402419
-0.0774301 0.867621 -0.488781 0.0472349
-0.0774686 0.867647 -0.488965 0.0472031
-0.0774823 0.867647 -0.488956 0.0472026
-0.0237953 0.879443 -0.490542 0.0353582
-0.0185424 0.884972 -0.49266 0.031062
-0.0301374 0.907115 -0.493483 0.0072942
0.00838109 0.874353 -0.501085 0.043815
-0.00385281 0.885453 -0.488267 0.0333367
0.0799031 0.879092 -0.462598 0.0323454
0.071756 0.86213 -0.489148 0.0279118
0.0129809 0.889286 -0.482789 0.0327227
-0.00284307 0.872608 -0.503594 0.0447216
0.063959 0.871437 -0.438512 0.0391765
0.00780442 0.878958 -0.495772 0.0392552
-0.0226149 0.904335 -0.493737 0.0116805
-0.0234455 0.879463 -0.490622 0.0353813
-0.0147084 0.870652 -0.504248 0.0456847
-0.00350255 0.872516 -0.503653 0.0447583
-0.0173225 0.880167 -0.492081 0.0360255
-0.016662 0.870369 -0.504358 0.0458064
-0.0189894 0.874845 -0.516775 0.0448479
-0.022676 0.886816 -0.522489 0.0376845
-0.0151566 0.875749 -0.517552 0.0445142
-0.0182444 0.875077 -0.517026 0.044777
-0.0169417 0.880824 -0.491344 0.0355745
-0.0170064 0.876362 -0.496871 0.0393879
-0.0190931 0.874805 -0.51673 0.0448554
-0.0247535 0.873256 -0.515817 0.0448928
-0.0163578 0.875519 -0.517295 0.0446342
-0.0119069 0.887226 -0.523691 0.0383541
-0.0213272 0.888268 -0.523424 0.0372729
0.0703903 0.851818 -0.444763 0.0515018
-0.0100394 0.875028 -0.522197 0.0414382
-0.0115757 0.87154 -0.503155 0.0448028
-0.0122251 0.877058 -0.473719 0.0183719
-0.0147619 0.885782 -0.485512 0.0328449
0.0107628 0.874657 -0.50014 0.0435291
0.053196 0.869541 -0.500404 0.0292483
0.000189257 0.873049 -0.503019 0.0443815
-0.0445243 0.862109 -0.521568 0.0373423
0.00684499 0.89424 -0.478677 0.0312508
-0.0147003 0.885505 -0.485864 0.032975
-0.0146924 0.885973 -0.485316 0.0327601
-0.011736 0.866699 -0.534538 0.0334343
0.00850861 0.877951 -0.496834 0.0402334
0.00978343 0.891955 -0.480709 0.0317547
0.00239881 0.88652 -0.487382 0.0331748
0.0686975 0.905249 -0.454734 0.00582323
-0.0198531 0.874571 -0.516604 0.0448358
-0.0190941 0.87481 -0.516743 0.0448563
-0.0332757 0.886545 -0.479313 0.0316983
-0.0358418 0.88864 -0.476352 0.0319112
-0.0343912 0.866912 -0.503268 0.0466254
-0.0384293 0.866614 -0.503025 0.0471875
0.0943132 0.845554 -0.461749 0.0313355
-0.0356244 0.852265 -0.495994 0.0415406
0.0962571 0.845152 -0.463286 0.0302812
0.0757826 0.844429 -0.431178 0.0522401
0.0566527 0.869924 -0.455572 0.0415875
0.0241692 0.889599 -0.47665 0.0318946
0.0672255 0.863458 -0.444529 0.0456734
0.0801013 0.879322 -0.462661 0.0322042
0.0821666 0.882903 -0.464287 0.0302732
-0.00446397 0.859765 -0.497808 0.0400049
0.0662484 0.875604 -0.473267 0.0350773
0.0577822 0.878007 -0.484347 0.034016
0.0602475 0.878424 -0.43317 0.0342805
-0.0246058 0.868303 -0.50385 0.046067
0.057213 0.882392 -0.403214 0.0314773
-0.0273741 0.867671 -0.50398 0.0462897
0.0631416 0.875028 -0.423212 0.0339903
0.0634211 0.872282 -0.438417 0.0385956
0.0831114 0.88403 -0.46452 0.0297526
0.0543791 0.886927 -0.426612 0.0300875
0.0699057 0.86576 -0.431242 0.0422292
0.0832044 0.882507 -0.46294 0.0303668
0.060828 0.87761 -0.433125 0.0346661
0.0640988 0.876288 -0.510992 0.0136037
0.053967 0.884941 -0.400475 0.0313777
0.0516707 0.837125 -0.370316 0.00809814
0.0916228 0.86708 -0.419812 0.0417881
0.0771409 0.847834 -0.436443 0.0521972
0.0755737 0.897011 -0.437348 0.0114736
0.0907649 0.867463 -0.424001 0.0413413
0.0972091 0.8724 -0.411894 0.0396222
0.0780648 0.846968 -0.430768 0.0530931
0.0611702 0.879079 -0.508305 0.0164499
-0.0115249 0.871011 -0.503809 0.0454031
-0.0441812 0.86844 -0.50821 0.0474292
-0.0112621 0.871055 -0.50381 0.04538
-0.0112194 0.870829 -0.503699 0.0452566
0.0536718 0.89022 -0.500334 0.0280807
0.0957647 0.875141 -0.412007 0.0365299
0.0581013 0.870204 -0.476931 0.0403325
0.0871786 0.870665 -0.425338 0.0373668
0.0758838 0.858083 -0.506102 0.0236746
0.0833643 0.884217 -0.464468 0.0296662
0.0640076 0.880494 -0.441883 0.0305652
0.0787042 0.896895 -0.410058 0.0104596
0.087448 0.880834 -0.416807 0.0276368
0.0683749 0.887771 -0.443954 0.0220335
0.0696483 0.902304 -0.455339 0.00802147
0.0599025 0.871639 -0.476815 0.0389646
0.0588171 0.869949 -0.476188 0.0405101
0.0450851 0.847975 -0.510536 0.0106895
-0.0445319 0.861937 -0.521915 0.0371145
0.0937528 0.828905 -0.372617 0.0482961
0.0041775 0.83992 -0.319311 0.0309388
0.0802902 0.87965 -0.46281 0.032007
-0.0398667 0.8514 -0.495593 0.0419581
0.00828683 0.8759 -0.50595 0.0427948
-0.0049637 0.872225 -0.503743 0.0448288
0.0248743 0.888769 -0.477039 0.0321598
0.0248397 0.888905 -0.476933 0.0321111
0.0137429 0.875404 -0.501064 0.0427316
0.0896076 0.86669 -0.424978 0.0417977
0.0900938 0.867121 -0.424746 0.041519
0.0668607 0.866163 -0.460257 0.0436487
0.0808502 0.897354 -0.422315 0.010024
0.0701243 0.887907 -0.444872 0.0212986
0.0547164 0.889181 -0.45086 0.0263225
0.0728371 0.863707 -0.447768 0.0447261
0.0840524 0.877658 -0.453254 0.0325391
0.080135 0.87263 -0.451085 0.0363045
0.0740122 0.883098 -0.447256 0.0253586
0.0817939 0.874697 -0.451902 0.0346519
0.0793349 0.867781 -0.445673 0.0403535
0.0662753 0.872886 -0.401771 0.0354592
0.0757122 0.891477 -0.438059 0.0168277
0.0817529 0.898778 -0.412195 0.00927004
0.0778002 0.901882 -0.428577 0.00557107
0.0883971 0.835836 -0.354594 0.047772
0.0971924 0.872388 -0.411931 0.0396212
0.0811192 0.899185 -0.416219 0.00847978
0.0565166 0.868588 -0.364318 0.0331861
0.0919322 0.87566 -0.440181 0.0347875
0.0920989 0.867305 -0.416626 0.0418731
0.0766965 0.883812 -0.438619 0.0242501
0.0808075 0.865167 -0.427512 0.0418328
0.0853225 0.883598 -0.4251 0.0244248
0.0548886 0.885767 -0.414845 0.0297849
0.0562984 0.884831 -0.43338 0.0317365
0.0832336 0.864607 -0.436829 0.0429281
0.0772095 0.862701 -0.440847 0.0452572
0.0987318 0.824733 -0.368316 0.0447654
0.115772 0.840196 -0.343619 0.0193803
0.00401107 0.835478 -0.313964 0.0339832
0.0758526 0.862183 -0.416449 0.0440155
0.0715891 0.871153 -0.439236 0.0374022
0.0617326 0.870293 -0.371993 0.0333632
0.0906948 0.867413 -0.424084 0.0413721
0.0871745 0.874178 -0.424884 0.0339845
0.084755 0.881377 -0.424507 0.0264304
0.0814631 0.855083 -0.422007 0.0512632
0.0944557 0.869108 -0.364289 0.0391367
0.0688206 0.860312 -0.36006 0.0349109
0.0912784 0.85431 -0.362192 0.0491577
0.0256631 0.853154 -0.337643 0.0320347
0.0931299 0.828295 -0.368005 0.0486215
0.0816016 0.871502 -0.36661 0.0312185
0.0763379 0.848078 -0.435354 0.0531596
-0.00943293 0.824599 -0.334536 0.00922893
0.0266508 0.847846 -0.284957 0.0353775
0.0580902 0.868185 -0.364725 0.0331537
0.0201845 0.80678 -0.33041 0.032312
0.0206731 0.845056 -0.286213 0.035023
0.0688576 0.841858 -0.335972 0.0399321
0.0679837 0.863565 -0.362856 0.0350765
0.029742 0.825468 -0.309917 0.0468418
0.0865141 0.844526 -0.351248 0.0478472
0.0640339 0.8655 -0.334453 0.0162129
0.0870792 0.845321 -0.352288 0.047933
0.0893161 0.829671 -0.357412 0.0482812
0.0234784 0.812375 -0.321569 0.0371772
0.0637749 0.876159 -0.332264 0.00569265
0.00125682 0.845361 -0.324907 0.0284818
0.0530847 0.857322 -0.34641 0.029089
0.0628408 0.83023 -0.313247 0.0491606
0.0643974 0.846727 -0.297544 0.0405066
0.0715451 0.853966 -0.332648 0.0291336
0.0656198 0.837649 -0.307541 0.0444415
0.0768291 0.79048 -0.337669 0.0143704
0.0617763 0.877276 -0.402489 0.0331751
0.0631021 0.833041 -0.310596 0.0470437
0.0458413 0.849132 -0.288682 0.0364831
0.0419105 0.847892 -0.288192 0.0363967
0.112173 0.809407 -0.351239 0.0363302
0.0311012 0.846533 -0.287642 0.0355661
0.0527732 0.876346 -0.375619 0.0332573
0.0598257 0.879668 -0.418104 0.0313073
0.0577301 0.882354 -0.415065 0.0303775
-0.0199944 0.838682 -0.298082 0.0339049
-0.0206125 0.837549 -0.30161 0.0338395
-0.024255 0.844143 -0.310285 0.0262891
0.0327856 0.821335 -0.310979 0.0474978
0.0141855 0.826294 -0.306726 0.0435725
0.0270608 0.848381 -0.28427 0.0353467
0.0559833 0.884046 -0.427767 0.0305909
0.064385 0.870417 -0.439291 0.0399237
0.0554014 0.885346 -0.426767 0.0304317
0.0391605 0.872168 -0.483006 0.0405162
0.0565576 0.883685 -0.428201 0.0310563
0.028597 0.878611 -0.431614 0.00505686
0.0605994 0.878238 -0.401503 0.0327833
0.0608653 0.877402 -0.433696 0.0348845
0.0775173 0.823496 -0.338762 0.0464993
0.0605679 0.877861 -0.433677 0.0346428
0.00108419 0.840203 -0.318705 0.0304192
0.0564427 0.871922 -0.453845 0.0400555
0.0496496 0.88548 -0.448508 0.0326106
0.0496711 0.885435 -0.448525 0.0326258
0.0814509 0.854711 -0.422074 0.0513152
0.0590996 0.880044 -0.431389 0.0330489
0.0571491 0.882837 -0.428895 0.0314374
0.0564901 0.883782 -0.428119 0.0310151
0.0912662 0.867106 -0.421815 0.0416855
0.0269302 0.881306 -0.429096 0.00522013
0.0598324 0.879046 -0.401453 0.032476
0.0500963 0.871836 -0.330317 0.0101365
0.068654 0.864876 -0.4393 0.0440964
0.060491 0.878053 -0.433154 0.0344645
0.049826 0.884687 -0.44908 0.0328825
0.0602975 0.878289 -0.433659 0.0344196
0.064242 0.870278 -0.439992 0.0400598
0.0720354 0.858722 -0.442244 0.0495477
0.0496445 0.885527 -0.448449 0.0325858
0.0324081 0.885552 -0.431591 0.0119823
0.0649545 0.869059 -0.44032 0.040965
0.0641002 0.873198 -0.433236 0.0371379
0.0661787 0.865359 -0.443836 0.0440603
0.069545 0.859515 -0.446054 0.0491679
0.0637557 0.873488 -0.433853 0.0370695
0.0686324 0.859425 -0.44745 0.0492236
0.0713888 0.858965 -0.443234 0.0493989
0.0664473 0.86413 -0.476854 0.0356338
0.073199 0.857123 -0.513791 0.0243301
0.0681147 0.859436 -0.448349 0.0492144
0.0620326 0.874968 -0.436222 0.0365479
0.0649327 0.869095 -0.44031 0.040938
0.0670843 0.863709 -0.444436 0.0454582
0.0685298 0.859423 -0.447621 0.0492247
0.0638413 0.873383 -0.433821 0.0371286
0.0729861 0.858521 -0.440528 0.0496691
0.0583518 0.881423 -0.418264 0.0306859
0.0697271 0.86859 -0.417068 0.0381921
0.0673885 0.869357 -0.428162 0.0387527
0.0698803 0.8658 -0.431209 0.042191
0.0734697 0.859288 -0.436466 0.0483564
0.0702709 0.865381 -0.431117 0.0425154
0.0744231 0.857475 -0.437914 0.0501853
0.0814707 0.855082 -0.421985 0.0512634
0.0815282 0.855099 -0.421754 0.0512426
0.0743276 0.846336 -0.436412 0.0526018
-0.0134056 0.845774 -0.321282 0.0262914
0.0759221 0.848081 -0.436126 0.0531409
0.076173 0.84813 -0.435738 0.0531657
0.0796808 0.84675 -0.310659 0.0426057
0.0767751 0.85627 -0.434368 0.0508397
0.0764036 0.848277 -0.435202 0.0530819
0.0787259 0.856251 -0.429034 0.0506529
0.0785918 0.856516 -0.428788 0.0503979
0.0773342 0.857905 -0.429027 0.0490418
0.0605244 0.87949 -0.406258 0.0321951
0.0602718 0.879727 -0.406013 0.0321182
0.0556992 0.884934 -0.426803 0.0305173
0.0751055 0.857169 -0.436883 0.0503268
0.0687935 0.869766 -0.415914 0.0372385
0.0763854 0.848063 -0.43525 0.0531564
0.067922 0.837516 -0.435174 0.0511289
0.0788355 0.856262 -0.428741 0.0506493
0.0576517 0.880375 -0.399253 0.0320178
0.065049 0.874402 -0.405386 0.0346611
0.0807858 0.855255 -0.423538 0.0511202
0.0803058 0.843226 -0.329947 0.0425111
0.0627071 0.866942 -0.365955 0.0334816
0.00902348 0.826892 -0.305853 0.0423696
-0.00981999 0.822059 -0.335138 0.00957107
0.0997295 0.824117 -0.368365 0.0441397
0.0933791 0.828245 -0.369767 0.0485226
0.0952802 0.858531 -0.357705 0.0469737
0.0954423 0.826896 -0.369287 0.0470059
0.10679 0.820082 -0.368607 0.0402159
0.0900952 0.808841 -0.32364 0.0349943
0.0688704 0.844998 -0.302402 0.0415513
0.101704 0.83574 -0.303951 0.0204913
0.0109951 0.826568 -0.30629 0.0428448
-0.0107358 0.83006 -0.337316 0.00674289
0.0624885 0.830979 -0.312457 0.0484695
0.0045968 0.802863 -0.299115 0.0394927
-0.0363202 0.833748 -0.304882 0.0311785
-0.0410927 0.833493 -0.307215 0.0309309
-0.0377692 0.843779 -0.321668 0.0264588
0.0832721 0.81737 -0.333823 0.0404437
-0.0197235 0.842398 -0.293595 0.0326139
0.0798497 0.850041 -0.306859 0.0419148
0.0876183 0.813326 -0.331188 0.0371082
0.0890376 0.805612 -0.30965 0.0376144
0.0789597 0.817897 -0.358404 0.0420482
0.0396221 0.850702 -0.283631 0.0363287
0.0402897 0.847181 -0.288195 0.0364973
0.0400988 0.847113 -0.288206 0.0364961
0.040192 0.846406 -0.288944 0.0365211
0.0700268 0.801769 -0.339169 0.0261585
-0.0138548 0.839022 -0.295022 0.0335205
0.0564448 0.828521 -0.313075 0.048843
0.0652753 0.846879 -0.284793 0.0312935
0.0634627 0.836867 -0.306957 0.0445144
0.0432496 0.839461 -0.368966 0.00391528
0.077026 0.799166 -0.339481 0.0229644
0.0484605 0.824787 -0.314319 0.0500668
0.0676487 0.80484 -0.358039 0.0356829
0.0787143 0.788068 -0.34244 0.0123474
0.0896408 0.827316 -0.35844 0.0486917
0.0197877 0.837329 -0.294354 0.036639
0.0207946 0.832066 -0.299856 0.039783
0.0210347 0.850334 -0.280749 0.0357909
0.0304095 0.846535 -0.287523 0.0355415
0.0269223 0.847738 -0.285128 0.0353866
-0.0113473 0.871039 -0.503806 0.0453884
0.0263434 0.844137 -0.288809 0.0353576
0.0388444 0.841489 -0.293806 0.0372191
0.0409794 0.823871 -0.312354 0.0495267
0.0470955 0.875047 -0.490671 0.0375778
0.0402831 0.834932 -0.300725 0.0404726
0.0331612 0.846964 -0.287395 0.0356325
0.0366793 0.850634 -0.282969 0.0359785
0.0365327 0.847328 -0.287355 0.0359942
0.0373113 0.848213 -0.286279 0.0360382
0.0375515 0.847269 -0.287522 0.0361591
0.0372754 0.847313 -0.287447 0.0361126
0.0374736 0.847579 -0.287121 0.0361161
0.0191315 0.806028 -0.300124 0.040503
0.0117474 0.814036 -0.307438 0.044106
0.00221338 0.8027 -0.299094 0.0396089
-0.0109854 0.801151 -0.308622 0.0333196
-0.0117317 0.786913 -0.307236 0.0228614
0.0472343 0.837147 -0.366708 0.00606978
-0.0118023 0.787048 -0.305933 0.0239162
-0.0113152 0.802209 -0.300109 0.0388031
0.0014635 0.806379 -0.302204 0.0407716
-0.0412499 0.866509 -0.503118 0.0477154
0.0890539 0.828237 -0.35659 0.0485095
0.0438248 0.824208 -0.313282 0.0497652
-0.0116284 0.787123 -0.309136 0.0216696
-0.0115721 0.787071 -0.310176 0.0209368
-0.0113662 0.787598 -0.313309 0.0194677
-0.0112412 0.78707 -0.316003 0.0176807
0.0171401 0.813591 -0.313582 0.0410166
0.0144332 0.805793 -0.329077 0.0321961
0.0215099 0.799065 -0.294772 0.0392724
0.01929 0.806703 -0.300584 0.0407235
0.0045604 0.850804 -0.331479 0.0289638
0.0425569 0.81385 -0.305368 0.0433423
0.0380854 0.822304 -0.313639 0.0476182
0.0171104 0.815898 -0.307925 0.0451171
0.060379 0.867947 -0.471642 0.0419531
0.0209407 0.813796 -0.30537 0.04388
0.021088 0.814446 -0.305792 0.044227
0.0388445 0.82341 -0.31222 0.0490917
-0.00492081 0.849184 -0.328235 0.0275797
0.0114435 0.838559 -0.319543 0.0326912
0.017241 0.815956 -0.307936 0.0451481
0.0441022 0.824258 -0.313355 0.0497814
0.0459315 0.82452 -0.313788 0.0498814
0.0217565 0.85292 -0.33618 0.0315401
0.0517468 0.825222 -0.314921 0.0504224
0.0139827 0.814602 -0.307658 0.0444859
0.0141233 0.814656 -0.307671 0.04451
0.0178049 0.800426 -0.296251 0.039267
0.0632199 0.822166 -0.313754 0.0492479
0.0923878 0.86017 -0.382623 0.0474353
0.0409295 0.867709 -0.509948 0.0293022
0.0766576 0.781565 -0.336166 0.00603465
-0.0424532 0.868994 -0.509629 0.0468952
0.0960777 0.861339 -0.367779 0.0466001
0.062755 0.823753 -0.314843 0.0502894
0.0619657 0.826473 -0.316685 0.0521781
0.0790137 0.818866 -0.355337 0.0427178
0.0765329 0.787971 -0.337271 0.0119622
0.0925002 0.857183 -0.369146 0.0486991
0.0800965 0.819829 -0.355125 0.0433401
0.0704072 0.783985 -0.333273 0.00887491
0.0868152 0.825744 -0.353758 0.0479176
0.0862377 0.825495 -0.352973 0.0477571
0.0634816 0.800076 -0.31001 0.0325871
0.0648859 0.816922 -0.319475 0.042586
0.0688148 0.789658 -0.331825 0.0141665
0.067275 0.7975 -0.328866 0.0219507
0.079281 0.786099 -0.33967 0.0100471
0.063649 0.818598 -0.311295 0.0470642
0.0637121 0.81921 -0.311719 0.0474299
0.0643213 0.823716 -0.315799 0.0500723
0.063882 0.820659 -0.312858 0.0482779
0.0678352 0.812945 -0.307328 0.0431946
0.066513 0.803376 -0.299781 0.0410263
0.0891373 0.827183 -0.356856 0.0486989
0.0882412 0.825791 -0.359913 0.0473104
0.0923951 0.86021 -0.381365 0.0475034
0.0898862 0.827327 -0.35904 0.0486605
0.114203 0.807924 -0.351018 0.0362095
0.0632685 0.86815 -0.368861 0.0335
0.0865106 0.825593 -0.353347 0.0478338
0.0626882 0.860176 -0.35751 0.0324087
0.0926209 0.827533 -0.370202 0.0479046
0.078491 0.823648 -0.340292 0.04641
0.043548 0.824377 -0.314535 0.0495575
0.00137006 0.848869 -0.329029 0.0283572
0.0643311 0.847843 -0.340876 0.0346512
0.0855169 0.825133 -0.351828 0.0474751
0.0459398 0.840561 -0.367168 0.00635627
0.0804685 0.823873 -0.34361 0.0463708
0.0846591 0.82483 -0.350446 0.0471658
0.119377 0.812373 -0.36825 0.0367394
0.0907093 0.850635 -0.356806 0.048246
0.0898083 0.847033 -0.356896 0.0483221
0.0899066 0.849344 -0.357035 0.0487338
0.0902123 0.850164 -0.357887 0.0487983
0.0901273 0.852272 -0.477996 0.0276129
0.102176 0.822351 -0.367886 0.0425176
0.10125 0.820289 -0.360655 0.0413666
0.091651 0.82768 -0.363655 0.0485282
0.0910238 0.827605 -0.361798 0.0485783
0.118193 0.822152 -0.394131 0.0347757
0.113258 0.820212 -0.378877 0.0374483
0.0943347 0.864147 -0.391344 0.0447593
0.0568642 0.867905 -0.363024 0.0331837
0.104297 0.832699 -0.411186 0.0384406
0.0560295 0.846365 -0.376905 0.0110084
0.0532632 0.84586 -0.377139 0.00853461
0.0546363 0.844701 -0.377779 0.0088433
0.0676616 0.865418 -0.366839 0.0346268
0.0863959 0.844601 -0.351276 0.0477401
0.0212506 0.817819 -0.308172 0.0462094
0.0864898 0.844494 -0.351187 0.0478368
0.0596896 0.842572 -0.362335 0.0194286
0.0451954 0.838055 -0.367616 0.00450431
0.0802699 0.823853 -0.343282 0.0463626
0.0923942 0.857058 -0.368605 0.0487295
0.09267 0.857672 -0.371265 0.0484183
0.0925347 0.858949 -0.375975 0.0477383
0.0531116 0.845059 -0.364307 0.0144562
0.0443479 0.844362 -0.367329 0.00858127
0.078379 0.838771 -0.337537 0.04595
0.0726307 0.841078 -0.33695 0.0419718
0.0766955 0.837799 -0.335013 0.0461317
0.0740775 0.837674 -0.333588 0.0451032
0.0746969 0.836139 -0.332103 0.0465765
0.075325 0.836684 -0.333013 0.0464044
0.0386211 0.80582 -0.34254 0.0327084
0.0502054 0.873709 -0.486467 0.0380252
0.0450145 0.842113 -0.367327 0.00694296
0.0277557 0.825245 -0.309472 0.046584
0.0357932 0.824659 -0.311401 0.0481333
0.027804 0.820052 -0.309923 0.0467899
0.0284736 0.825362 -0.30963 0.0466677
0.0192334 0.816889 -0.308097 0.0456666
0.0561214 0.876008 -0.380235 0.0330074
0.0619913 0.873227 -0.383774 0.0339937
0.0650724 0.864825 -0.493546 0.0274322
0.0435725 0.82438 -0.314546 0.0495601
-0.00902076 0.871557 -0.503827 0.0451246
0.101627 0.840873 -0.449585 0.0336303
0.0437118 0.824412 -0.314621 0.0495634
0.0350345 0.850262 -0.502872 0.0175724
0.046961 0.862718 -0.516901 0.0251838
0.0444783 0.835423 -0.367669 0.00366063
0.0482267 0.8317 -0.365813 0.00843752
0.0136306 0.808286 -0.322717 0.0347034
0.0134633 0.804739 -0.33072 0.0315903
0.0142907 0.809262 -0.321005 0.0357183
-0.00489216 0.850439 -0.329772 0.0278009
0.0114892 0.826497 -0.306388 0.042969
0.00427718 0.842633 -0.322503 0.0296989
0.00220453 0.803262 -0.32753 0.0310677
0.00624232 0.807363 -0.319988 0.0346435
0.00841675 0.809663 -0.315933 0.0373853
0.00617273 0.805898 -0.323631 0.0328865
0.0104604 0.804005 -0.330834 0.0310775
0.0212436 0.824821 -0.307576 0.0457552
0.01965 0.825194 -0.307422 0.0452106
0.0185676 0.825375 -0.307324 0.0448694
0.0144684 0.805104 -0.330581 0.0317232
0.0172278 0.809471 -0.323099 0.0352061
0.0154501 0.806934 -0.327354 0.0329514
0.0176047 0.81002 -0.322196 0.0357607
0.0200796 0.813684 -0.316263 0.039979
0.0227129 0.852546 -0.33608 0.0315968
0.0148904 0.843864 -0.326164 0.0307888
0.0213205 0.854923 -0.338156 0.032031
0.0232567 0.82476 -0.30822 0.0460923
0.0232956 0.824762 -0.308228 0.0460966
0.0232145 0.818576 -0.308731 0.0464423
0.0233119 0.818603 -0.308752 0.0464496
0.0235635 0.818666 -0.308819 0.0464574
0.0313892 0.812916 -0.326113 0.0364946
0.0398899 0.823803 -0.312399 0.0494166
0.0310665 0.837881 -0.323674 0.0363504
-0.0109248 0.876867 -0.518616 0.0441666
0.0388338 0.823999 -0.312168 0.0490766
0.0431144 0.838498 -0.369094 0.00319913
0.0440598 0.82448 -0.314826 0.0495599
0.0431394 0.822821 -0.316985 0.0474236
-0.0406806 0.854984 -0.497379 0.0428821
0.0302322 0.805578 -0.338823 0.0317239
0.0356392 0.813027 -0.328993 0.0364508
0.0643394 0.86298 -0.459245 0.0469324
0.0498077 0.870689 -0.478706 0.0401477
0.0526597 0.868674 -0.473935 0.0418471
-0.0421188 0.867042 -0.514419 0.0432298
-0.0419089 0.865879 -0.517099 0.0412498
0.055786 0.871061 -0.482724 0.0377041
0.0547009 0.871905 -0.481449 0.0391137
0.0552238 0.871557 -0.480625 0.0393508
0.0279303 0.874305 -0.496528 0.0414085
-0.018172 0.869919 -0.504338 0.0458368
-0.0190958 0.87481 -0.516743 0.0448563
0.0828302 0.845314 -0.424724 0.0517002
0.00331519 0.873657 -0.502276 0.0440967
0.00857612 0.874373 -0.501028 0.0438051
-0.0270649 0.866534 -0.503419 0.0456611
-0.0283336 0.868698 -0.52162 0.0403376
-0.0288087 0.872051 -0.515338 0.0452215
-0.0289175 0.872005 -0.515292 0.0452347
-0.0288193 0.871442 -0.516401 0.0443481
-0.028179 0.868195 -0.522627 0.0396198
-0.0285839 0.872126 -0.515384 0.0451935
-0.00262522 0.872627 -0.503569 0.0447051
-0.0184981 0.872903 -0.520531 0.0419242
0.00942846 0.877692 -0.510825 0.0422296
0.0134683 0.874782 -0.499183 0.0432767
0.0145885 0.874683 -0.49869 0.0431258
0.054121 0.872143 -0.482018 0.038964
0.00890208 0.874544 -0.50133 0.0436736
0.0114224 0.877475 -0.509147 0.0420437
0.0245063 0.851572 -0.497486 0.0261006
0.0107846 0.874624 -0.500171 0.0435616
0.0374576 0.874043 -0.489713 0.039397
0.0413837 0.859105 -0.509347 0.0213228
0.0548519 0.880957 -0.393388 0.0320833
0.0586839 0.877623 -0.393426 0.0324624
0.0704169 0.869194 -0.401313 0.0379394
0.0709079 0.868829 -0.40165 0.0383026
0.0509853 0.873353 -0.485542 0.0381713
0.0357797 0.875707 -0.496927 0.0392568
0.0730732 0.866704 -0.406945 0.0403078
0.0723182 0.867404 -0.4069 0.0397067
0.0703617 0.869253 -0.404673 0.0381173
0.0699094 0.86967 -0.404734 0.0377989
0.0667389 0.872453 -0.401762 0.035732
0.0664418 0.872725 -0.401769 0.0355606
0.0585009 0.878368 -0.395982 0.0323359
0.0649562 0.873769 -0.400489 0.0347105
0.0646572 0.87403 -0.400441 0.0345576
0.0511652 0.880424 -0.38192 0.0333017
0.0524653 0.879787 -0.382703 0.0331275
0.0535738 0.879719 -0.384528 0.0329929
0.0552041 0.878392 -0.384387 0.0329752
0.0670812 0.870703 -0.393456 0.0355092
0.0301211 0.873852 -0.490997 0.0414935
0.0404062 0.845103 -0.506196 0.0101231
0.0950332 0.869542 -0.410846 0.0411403
0.0366925 0.848639 -0.504036 0.0151674
0.0424329 0.85654 -0.509878 0.018746
0.0437824 0.852001 -0.510395 0.0144199
0.0451223 0.852059 -0.511814 0.0144712
0.0343159 0.875336 -0.495832 0.0396701
0.0588404 0.869917 -0.476107 0.0405335
0.072142 0.850003 -0.441826 0.0522695
0.0398853 0.871297 -0.480392 0.0411615
0.0233034 0.862414 -0.491664 0.036766
0.0609506 0.866346 -0.468083 0.0434925
0.0922333 0.860168 -0.384626 0.0472872
0.0730276 0.861451 -0.490404 0.027098
0.0600807 0.86456 -0.506295 0.0246162
0.0576109 0.868782 -0.489909 0.0320737
0.064022 0.861954 -0.509676 0.0234502
0.0800771 0.858027 -0.497301 0.0245866
0.0946348 0.850326 -0.480226 0.0267149
0.11393 0.835306 -0.441572 0.0321579
0.0706578 0.862388 -0.485708 0.0295081
0.0807823 0.857667 -0.497792 0.0245555
0.0752505 0.857876 -0.466371 0.0372443
0.0955268 0.850746 -0.48673 0.0262415
0.0936779 0.834954 -0.398841 0.0466387
0.0656124 0.858738 -0.452933 0.0495617
0.0666918 0.858702 -0.454568 0.0479927
0.0903668 0.852224 -0.478364 0.0274948
0.0651993 0.859717 -0.453804 0.0493728
0.0614658 0.862082 -0.45777 0.0481605
0.0866829 0.853804 -0.475804 0.0288711
0.0631278 0.864017 -0.461824 0.0458777
0.0650176 0.859837 -0.454 0.049298
0.0841267 0.855943 -0.491157 0.0245633
0.069311 0.862865 -0.48241 0.0314726
0.0673592 0.855799 -0.449436 0.0503101
0.0685711 0.854012 -0.447546 0.0507544
0.0675501 0.855503 -0.449107 0.0503883
0.0611759 0.865832 -0.467062 0.043953
0.0670122 0.85636 -0.450081 0.050153
0.0784372 0.84683 -0.429775 0.0531047
0.0652118 0.859925 -0.454144 0.0491903
0.0715458 0.859399 -0.463246 0.0407973
0.0653833 0.862212 -0.457956 0.0473044
0.0601501 0.862469 -0.458899 0.0478434
0.0845359 0.844752 -0.425502 0.0501952
0.123989 0.812755 -0.376396 0.0361665
0.102208 0.842044 -0.454282 0.0323068
0.0937536 0.845573 -0.461003 0.0317938
0.0712909 0.851067 -0.443386 0.0518523
0.0972602 0.844971 -0.464209 0.0297482
0.107351 0.843042 -0.472014 0.0278796
0.0790078 0.847693 -0.445572 0.0461684
0.0733262 0.848684 -0.44008 0.052701
0.0685679 0.841526 -0.439294 0.0516878
0.073279 0.846435 -0.438218 0.0525579
0.0694896 0.842261 -0.438862 0.0517825
0.0755309 0.847843 -0.438306 0.0523097
0.0987328 0.842756 -0.451829 0.0341173
0.0854019 0.845633 -0.442385 0.0443277
0.107998 0.840464 -0.457396 0.0305866
0.115282 0.823489 -0.393637 0.0354512
0.113226 0.824523 -0.3937 0.0360636
0.100634 0.830735 -0.393286 0.0424295
0.105142 0.823351 -0.376111 0.0410482
0.0946066 0.829818 -0.376959 0.0480591
0.0945466 0.829683 -0.376647 0.0480807
0.108074 0.823954 -0.381432 0.0392904
0.0946438 0.830625 -0.380397 0.0475332
0.0946963 0.830176 -0.378133 0.0479045
0.0994841 0.832578 -0.400471 0.0424257
