0.00702112 1.31142 -0.443976 0.0870043
-0.0888158 1.27083 -0.514886 0.0196841
-0.0803921 1.22594 -0.519117 0.00463272
-0.0322607 1.26669 -0.242594 0.0512973
-0.0698508 1.50028 -0.473886 0.0192819
-0.0797166 1.22671 -0.518025 0.00513407
-0.0740481 1.25277 -0.492567 0.0276783
-0.0313758 1.48396 -0.214967 0.0503369
0.111576 1.27529 -0.261178 0.0664311
0.185465 1.51039 -0.246436 0.0210659
-0.0167099 1.27747 -0.486367 0.0492411
0.180209 1.29358 -0.4234 0.0537965
0.184669 1.26571 -0.262605 0.0391503
-0.00092265 1.3069 -0.445066 0.0845482
-0.0244683 1.29312 -0.452865 0.0739842
-0.0101453 1.28815 -0.307051 0.0882835
-0.0169581 1.35378 -0.417971 0.091066
0.162056 1.51298 -0.25586 0.0367635
-0.0359529 1.26363 -0.235939 0.0469378
-0.067711 1.2382 -0.203615 0.00860292
0.0168535 1.30204 -0.474489 0.0732773
-0.0440336 1.2516 -0.225798 0.0362513
-0.0688705 1.26437 -0.49375 0.0356219
-0.0465912 1.27531 -0.473099 0.0551764
-0.0451187 1.22306 -0.201223 0.0117606
-0.0612307 1.25029 -0.491072 0.0301888
-0.0789573 1.26363 -0.505767 0.0246173
-0.084563 1.23563 -0.509186 0.00861385
-0.0795687 1.22492 -0.513681 0.00550202
-0.0825716 1.25981 -0.509128 0.0211614
-0.0048009 1.29701 -0.464663 0.0702181
0.139207 1.35363 -0.291286 0.0875493
0.0373554 1.41092 -0.260583 0.0826906
-0.0853595 1.23764 -0.509797 0.00947311
-0.0591976 1.25629 -0.487976 0.0359384
0.153973 1.51484 -0.479273 0.031862
-0.0760329 1.25302 -0.492847 0.0261721
-0.0245237 1.48197 -0.21902 0.0550849
0.117406 1.37655 -0.438067 0.0758846
-0.0574276 1.2545 -0.215111 0.02141
0.0967447 1.46035 -0.423268 0.0909491
0.0228542 1.36803 -0.375584 0.116936
-0.0612272 1.23578 -0.217447 0.0195174
0.136624 1.29665 -0.298455 0.0774702
-0.0734816 1.26229 -0.500609 0.0298464
-0.00517346 1.29729 -0.279427 0.0814364
0.0714235 1.44458 -0.416333 0.10044
0.0731652 1.26149 -0.244141 0.0498703
0.113451 1.27418 -0.262015 0.0663157
-0.0143303 1.39459 -0.214979 0.0589796
-0.0673848 1.24298 -0.20497 0.00995515
-0.0676417 1.28037 -0.482058 0.0423775
-0.00686874 1.30201 -0.274232 0.0780164
-0.0270458 1.27636 -0.441407 0.067596
-0.0787697 1.28417 -0.500621 0.0264119
-0.0384152 1.23538 -0.20921 0.0180418
-0.0179665 1.27997 -0.289335 0.0775315
-0.0818468 1.49765 -0.170802 0.00617011
0.0385947 1.38296 -0.233786 0.0549529
-0.0232042 1.45278 -0.328616 0.089386
0.0149818 1.4659 -0.247735 0.0844724
0.111536 1.29997 -0.437888 0.0732596
-0.0486302 1.4776 -0.255944 0.0562544
-0.0519944 1.48854 -0.208207 0.0382787
-0.0227713 1.48118 -0.220414 0.0566435
0.185072 1.50993 -0.247023 0.0216076
-0.00185203 1.46965 -0.236677 0.0746145
-0.0421071 1.40171 -0.318435 0.0552181
-0.0591341 1.27471 -0.219845 0.0255233
-0.0846057 1.48901 -0.18782 0.00593417
-0.0544561 1.48911 -0.2072 0.0366712
-0.102384 1.49622 -0.478109 0.011124
0.0616976 1.3936 -0.35832 0.135623
0.0180861 1.32317 -0.400815 0.109257
-0.0395494 1.2757 -0.228729 0.0427553
-0.0514826 1.26811 -0.496098 0.0371012
-0.0642761 1.26128 -0.488349 0.038378
0.00923425 1.4293 -0.326616 0.10905
-0.0582879 1.35023 -0.303809 0.0292189
0.173807 1.52564 -0.503086 0.0116953
0.14474 1.35765 -0.287219 0.0860272
-0.0486883 1.33477 -0.231227 0.0503069
0.123553 1.49723 -0.255216 0.0569651
0.0242203 1.40491 -0.328267 0.117302
0.0808872 1.42542 -0.384942 0.111368
0.0161144 1.36123 -0.383536 0.111334
0.187414 1.53419 -0.513529 0.004758
0.119537 1.48609 -0.448089 0.0657734
-0.0957743 1.49841 -0.477478 0.0169283
0.188851 1.53971 -0.514507 0.00185094
0.0974754 1.39112 -0.417264 0.0890352
-0.0328787 1.2658 -0.243319 0.051017
0.211358 1.2608 -0.240947 0.0231433
0.117819 1.50457 -0.464943 0.0453193
0.116242 1.45287 -0.371791 0.0949803
0.00629643 1.30483 -0.457234 0.0781988
0.140613 1.50744 -0.441592 0.0565954
-0.0380891 1.4626 -0.42716 0.0604046
-0.0373363 1.35671 -0.434849 0.0849962
0.119365 1.48591 -0.447821 0.06599
0.0615175 1.45372 -0.425569 0.0933811
0.182504 1.52498 -0.510242 0.00697802
-0.00296208 1.44018 -0.335867 0.0987044
0.0795724 1.51392 -0.459087 0.0398329
-0.034305 1.27359 -0.452688 0.061738
0.106994 1.35717 -0.415288 0.0877251
-0.0974189 1.4729 -0.489329 0.0119045
0.174366 1.52455 -0.503866 0.0109246
-0.000235146 1.48305 -0.346378 0.0581618
-0.0131822 1.28483 -0.299647 0.0840182
0.151044 1.46635 -0.487067 0.0376311
-0.0104571 1.2803 -0.414394 0.081455
0.169341 1.28297 -0.475768 0.0471467
0.163198 1.51289 -0.251477 0.0356231
0.0624251 1.4582 -0.427512 0.0914226
0.181733 1.52599 -0.509211 0.00678573
0.0464718 1.47762 -0.438463 0.0775509
0.181006 1.5335 -0.502619 0.00910617
0.155711 1.47712 -0.49134 0.0315373
0.0485465 1.46722 -0.438649 0.0851623
0.181308 1.53868 -0.500301 0.00948061
0.123139 1.48359 -0.399876 0.0848111
0.0765137 1.40892 -0.361016 0.122365
0.133905 1.54101 -0.486983 0.0103157
0.0465198 1.47753 -0.438455 0.0776248
0.046801 1.47422 -0.276339 0.0884671
0.109577 1.43933 -0.362431 0.101246
0.148745 1.51636 -0.459876 0.044614
0.125335 1.53826 -0.483681 0.0125982
0.0480708 1.47406 -0.438233 0.080284
0.137684 1.50345 -0.434654 0.0611382
-0.0377772 1.48029 -0.218786 0.0507195
0.000612078 1.45051 -0.260516 0.0905129
0.0681862 1.47455 -0.444265 0.0767513
0.00580402 1.45161 -0.260954 0.0914152
0.117709 1.27084 -0.263591 0.0657582
0.116227 1.44115 -0.452268 0.0676416
-0.00134238 1.30156 -0.283639 0.0847343
0.179425 1.52653 -0.507339 0.00751532
0.0995103 1.39509 -0.423125 0.0862627
0.0168489 1.39843 -0.271681 0.0970419
0.0154265 1.36054 -0.384426 0.110746
0.0984512 1.31362 -0.288615 0.0859276
0.130031 1.53061 -0.402583 0.0599258
0.084478 1.41544 -0.458897 0.0641761
0.0625126 1.30715 -0.439158 0.0751573
0.149453 1.51692 -0.460709 0.043847
0.115844 1.51316 -0.250651 0.0492505
0.194454 1.26111 -0.255328 0.032659
0.155372 1.49639 -0.277977 0.0532598
0.125866 1.49829 -0.254546 0.0555876
0.0275863 1.42229 -0.302035 0.120346
0.130463 1.46835 -0.374605 0.0902314
0.152379 1.48991 -0.304757 0.0607897
0.0330171 1.32307 -0.358874 0.119929
0.0191271 1.26088 -0.234115 0.0365835
0.248522 1.24412 -0.227877 0.00295425
0.0150119 1.29391 -0.355822 0.106481
0.21367 1.25792 -0.238744 0.0215805
0.0267792 1.33135 -0.318933 0.11334
0.00825677 1.29083 -0.345021 0.10229
0.208096 1.25154 -0.242173 0.0222269
0.0201299 1.32466 -0.314307 0.10865
0.195264 1.52582 -0.233393 0.00624417
0.20754 1.25573 -0.244734 0.0244181
0.180073 1.25368 -0.251791 0.0323277
0.197156 1.25777 -0.265257 0.0287634
0.221935 1.26489 -0.230534 0.0224931
0.00759811 1.38832 -0.264922 0.0943465
0.0119622 1.29057 -0.353483 0.104768
0.172252 1.28068 -0.481019 0.0444881
0.0933899 1.29791 -0.268693 0.0742033
0.0372168 1.34149 -0.329954 0.122187
0.0944063 1.29622 -0.267608 0.0733342
0.135203 1.24937 -0.381661 0.0191054
0.180442 1.27018 -0.494793 0.034106
0.162597 1.27694 -0.275851 0.0565978
0.161852 1.27739 -0.276412 0.0572015
0.174096 1.26998 -0.490579 0.0376253
0.213527 1.25406 -0.51918 0.00807473
0.174158 1.26876 -0.501737 0.0277581
0.205708 1.26477 -0.506121 0.0154576
0.126877 1.31141 -0.344511 0.0797474
0.203559 1.26557 -0.503612 0.0174151
0.123657 1.31582 -0.301488 0.0896898
0.153576 1.51451 -0.47892 0.032222
0.191204 1.26886 -0.503162 0.0270326
0.200846 1.27043 -0.491004 0.021868
0.146843 1.51017 -0.472943 0.0384398
0.0720967 1.4976 -0.397451 0.0537039
0.202821 1.26597 -0.48442 0.0181992
0.166345 1.26939 -0.485756 0.042057
0.207464 1.26391 -0.507596 0.0139695
0.149751 1.27039 -0.474446 0.0524761
0.191831 1.26858 -0.504025 0.0262816
0.0803534 1.33844 -0.388497 0.109599
-0.00119983 1.2354 -0.218568 0.0200777
0.190613 1.27338 -0.489443 0.0292923
0.122483 1.49679 -0.460648 0.0540087
0.166169 1.28375 -0.473965 0.0495756
-0.0812759 1.22429 -0.518342 0.00376573
-0.0873313 1.24727 -0.515539 0.0152187
0.0178816 1.3013 -0.477265 0.0726825
-0.0669356 1.27413 -0.48542 0.0406826
-0.067272 1.27571 -0.484658 0.0409187
0.120444 1.3828 -0.446948 0.0733188
0.113027 1.37932 -0.434011 0.0780521
-0.0698824 1.30511 -0.488416 0.0358984
-0.103326 1.49649 -0.51156 0.0123891
0.0476072 1.47616 -0.437584 0.0783649
0.120475 1.39757 -0.46043 0.0730897
-0.0723851 1.27853 -0.49145 0.0340996
-0.0677452 1.26318 -0.492063 0.0371666
-0.080953 1.23927 -0.506608 0.0121392
-0.0877139 1.26125 -0.488837 0.0210521
-0.0630826 1.29404 -0.473343 0.0492602
-0.103819 1.49935 -0.485951 0.0101737
-0.103132 1.49914 -0.485155 0.0104841
0.0989133 1.46278 -0.425515 0.0885517
0.0690995 1.43351 -0.439909 0.0774981
-0.0823193 1.25982 -0.508916 0.0213469
0.115604 1.38525 -0.442007 0.0754135
-0.070055 1.26193 -0.497139 0.0332566
-0.0787834 1.24305 -0.504021 0.0159255
-0.0306617 1.28131 -0.477233 0.0558719
-0.0651393 1.21982 -0.201847 0.00644966
-0.0687481 1.27557 -0.487309 0.0384905
0.12577 1.39459 -0.46556 0.0719921
-0.0773642 1.2716 -0.501515 0.0264599
-0.0749266 1.32751 -0.509493 0.0309425
-0.0407467 1.2734 -0.486181 0.0470965
-0.0881754 1.26121 -0.488769 0.020761
0.111236 1.36481 -0.423624 0.0824434
-0.0473922 1.32952 -0.450387 0.0691125
-0.0267536 1.28027 -0.4846 0.052653
-0.0398037 1.27393 -0.485777 0.0476387
-0.0568768 1.34303 -0.479984 0.0459217
-0.027692 1.27978 -0.48517 0.0520246
-0.0510473 1.32237 -0.455121 0.0647375
-0.0502016 1.37138 -0.47935 0.0536257
-0.0331592 1.27399 -0.450835 0.0626811
-0.00398916 1.29057 -0.482718 0.0612108
0.0522365 1.44491 -0.452349 0.0670993
0.0637732 1.43977 -0.439137 0.0784212
0.106793 1.47056 -0.432004 0.0809591
-0.0236694 1.37032 -0.403681 0.0882481
-0.0699816 1.44873 -0.456582 0.0460072
-0.0744588 1.37043 -0.501123 0.0298169
0.059163 1.43643 -0.45043 0.0671181
0.0804397 1.32259 -0.412058 0.0905854
-0.0851203 1.2379 -0.509627 0.0096538
-0.0149746 1.27958 -0.422857 0.0776223
-0.0666255 1.23782 -0.49983 0.0185609
-0.0508589 1.26954 -0.483961 0.0464904
-0.0661153 1.23847 -0.499429 0.0191695
-0.0580934 1.30577 -0.466057 0.0556509
0.00970381 1.26172 -0.491018 0.035441
-0.0539447 1.31827 -0.45821 0.0618993
-0.0545184 1.31833 -0.458099 0.0615164
-0.00159865 1.28353 -0.398173 0.0901117
-0.0835259 1.25255 -0.492808 0.0200489
0.103675 1.28027 -0.258847 0.0673787
-0.0759295 1.26238 -0.503179 0.0273256
-0.0816744 1.24062 -0.507155 0.0125737
-0.0168014 1.28477 -0.483235 0.0566802
-0.0678366 1.26351 -0.492876 0.0368491
0.0169141 1.41508 -0.378355 0.10919
-0.0470393 1.27128 -0.484627 0.0467272
-0.0357487 1.27612 -0.485802 0.0489023
-0.0139308 1.28611 -0.482508 0.0578507
-0.0662266 1.23315 -0.512561 0.00784747
-0.0170486 1.28463 -0.483309 0.056558
-0.057518 1.23919 -0.506377 0.0131535
-0.00609653 1.28977 -0.482621 0.0604982
-0.0799119 1.24039 -0.50545 0.0134334
-0.0721131 1.23236 -0.505321 0.0127069
0.00211411 1.3127 -0.436225 0.0916774
-0.0164627 1.27898 -0.424932 0.0762714
-0.0803475 1.22495 -0.515445 0.00481547
-0.0858549 1.23753 -0.510045 0.00923521
-0.0657133 1.2386 -0.499129 0.0194085
-0.0172375 1.49115 -0.459598 0.0463437
-0.0854063 1.23775 -0.509856 0.00951893
-0.050561 1.26642 -0.466807 0.0483424
-0.0483901 1.26671 -0.456976 0.0487968
-0.0763898 1.24517 -0.501445 0.0192626
-0.0796729 1.22647 -0.515415 0.00547784
-0.0520438 1.32085 -0.4561 0.0637925
-0.0148206 1.24947 -0.425737 0.0598949
-0.0472143 1.26925 -0.469186 0.0524191
-0.0778045 1.26357 -0.504687 0.0256525
-0.013291 1.30228 -0.442847 0.083587
-0.0691131 1.23417 -0.50296 0.0149132
-0.0670854 1.26406 -0.491397 0.0379802
-0.0765066 1.26236 -0.503732 0.0267563
0.10716 1.36713 -0.419702 0.0849581
-0.0462237 1.26915 -0.467537 0.052893
-0.0412397 1.27158 -0.461606 0.0568131
-0.0826568 1.25103 -0.512279 0.0183061
0.00397139 1.29453 -0.480073 0.0655728
-0.00343469 1.25301 -0.496169 0.0268554
0.00123708 1.29331 -0.480932 0.0640953
-0.0293416 1.27867 -0.486303 0.0507093
-0.0629705 1.29396 -0.47332 0.0492822
-0.0281243 1.28978 -0.456831 0.0707515
-0.0749103 1.26338 -0.501661 0.0284832
-0.0293786 1.28888 -0.458066 0.0697499
-0.0632921 1.24242 -0.495925 0.0229334
-0.0671121 1.26386 -0.491584 0.0379005
0.0845883 1.4253 -0.413641 0.100195
0.0092208 1.29691 -0.480026 0.0677797
0.0177744 1.30125 -0.477278 0.0726291
0.010917 1.29791 -0.479435 0.0687975
0.0462177 1.37265 -0.356276 0.135872
-0.0312796 1.27489 -0.448369 0.064197
0.0212012 1.27295 -0.485628 0.0463356
-0.015906 1.29991 -0.445162 0.0813352
-0.041191 1.37113 -0.347156 0.0523925
-0.023087 1.28217 -0.483858 0.0542651
-0.0183125 1.28412 -0.483135 0.0562143
-0.0749322 1.2466 -0.499096 0.0216747
-0.0389089 1.24188 -0.506294 0.0141644
-0.0480169 1.24175 -0.505925 0.0140454
-0.0502713 1.26426 -0.487458 0.0404444
-0.0583235 1.25759 -0.48681 0.0374421
-0.0564758 1.26529 -0.482333 0.0451753
-0.0630864 1.29403 -0.473348 0.0492554
-0.0654815 1.28911 -0.476606 0.0462629
-0.0537164 1.269 -0.481481 0.0479906
0.103145 1.35934 -0.411576 0.0902958
0.198179 1.27482 -0.473174 0.0285031
0.13127 1.49881 -0.460374 0.0533156
0.122706 1.40396 -0.471071 0.0740414
-0.00774618 1.3022 -0.433319 0.0866308
0.0473584 1.3867 -0.351504 0.138978
-0.000109181 1.31432 -0.430679 0.0955729
-0.0228285 1.45592 -0.417778 0.0688413
-0.0279675 1.46711 -0.344351 0.0802072
-0.0637214 1.43691 -0.448323 0.0518536
0.0212597 1.30281 -0.477204 0.0740011
0.0207817 1.29314 -0.47971 0.0648949
0.0205894 1.30245 -0.477339 0.0736933
0.018515 1.30157 -0.477199 0.0729575
0.0892837 1.31517 -0.422888 0.0825243
0.115317 1.27269 -0.262781 0.0660715
-0.00256946 1.33533 -0.31007 0.0847925
-0.0663471 1.32319 -0.489858 0.0369478
-0.0561286 1.30995 -0.463194 0.0579722
-0.0541881 1.31839 -0.458829 0.0613247
-0.0658875 1.28584 -0.478186 0.045149
-0.0406618 1.28037 -0.467807 0.0603003
-0.0658408 1.28911 -0.476544 0.04599
-0.0260098 1.27643 -0.439741 0.0683328
-0.0358757 1.27157 -0.424855 0.0583725
-0.0179009 1.29311 -0.441864 0.0776075
-0.0222042 1.27792 -0.434765 0.0714652
-0.020424 1.27858 -0.431675 0.0730504
-0.0195101 1.29725 -0.448454 0.0781976
-0.0170244 1.29913 -0.446062 0.0804298
-0.039478 1.31314 -0.452556 0.0672672
-0.0422236 1.27917 -0.469311 0.0589113
-0.032711 1.28638 -0.461334 0.0668256
-0.0545783 1.30361 -0.465158 0.0564499
-0.0357686 1.28399 -0.464094 0.0642008
-0.0468735 1.27406 -0.472537 0.0544837
-0.0324069 1.27447 -0.449836 0.0633659
-0.0370764 1.28284 -0.465157 0.0630895
-0.030669 1.28778 -0.459332 0.0686263
-0.0401939 1.27175 -0.460402 0.057472
-0.0389246 1.27182 -0.458456 0.0582
-0.0301074 1.28828 -0.458721 0.0691552
-0.0850874 1.31724 -0.512565 0.0240202
-0.0416855 1.34778 -0.444006 0.0762021
-0.0315899 1.27397 -0.439206 0.062952
-0.0731779 1.23392 -0.50496 0.0128213
-0.0824767 1.24192 -0.508366 0.012736
-0.0765324 1.24555 -0.501685 0.0192852
-0.0729546 1.23148 -0.506579 0.0116501
-0.0726687 1.23194 -0.506142 0.0120763
-0.0727074 1.23155 -0.50775 0.0107176
-0.0756107 1.22924 -0.509227 0.00922837
-0.0766336 1.22903 -0.509793 0.0086908
-0.0764866 1.22889 -0.509831 0.00875663
-0.07658 1.22885 -0.509993 0.0086359
-0.0780626 1.24934 -0.504927 0.0196347
-0.0759728 1.24393 -0.501205 0.018795
-0.0691689 1.25893 -0.492617 0.034163
-0.0783986 1.36494 -0.504994 0.0268194
-0.0768889 1.293 -0.498071 0.028225
-0.0578535 1.30619 -0.465783 0.0559042
-0.0645452 1.32219 -0.48509 0.0398287
-0.086925 1.28041 -0.512047 0.0212128
-0.0937884 1.2971 -0.517512 0.0209617
-0.0553716 1.31241 -0.461441 0.0592391
-0.065857 1.32252 -0.488406 0.0377621
-0.043988 1.37077 -0.458872 0.0668564
-0.0366537 1.43117 -0.424643 0.0630391
-0.0492617 1.37028 -0.475844 0.0552618
-0.0100421 1.3488 -0.415302 0.0935324
-0.0399131 1.42807 -0.427142 0.0619407
-0.0536943 1.41693 -0.437999 0.0610425
-0.0601523 1.30196 -0.468937 0.0531599
-0.0580192 1.30593 -0.465962 0.0557391
-0.0725488 1.31314 -0.498008 0.0308578
-0.0524611 1.26749 -0.221416 0.0298561
-0.0862337 1.25265 -0.513739 0.0168647
-0.0157845 1.4794 -0.446099 0.0510387
-0.0888439 1.30888 -0.514325 0.0224157
-0.0819415 1.26627 -0.508383 0.0222946
-0.0728295 1.26244 -0.499678 0.0306106
0.0723527 1.26903 -0.245305 0.0542391
-0.0944932 1.28255 -0.520947 0.0224629
-0.0745616 1.29062 -0.49373 0.0312482
-0.0262111 1.27655 -0.390826 0.0687036
-0.0571206 1.26776 -0.483598 0.0457452
-0.0656976 1.28916 -0.477009 0.0458698
-0.0657974 1.2964 -0.478764 0.0440313
-0.0628178 1.29538 -0.47271 0.0497227
-0.0605066 1.30148 -0.46929 0.0528034
-0.0739843 1.30224 -0.466618 0.0441748
-0.0833215 1.25133 -0.512517 0.0180066
-0.0468325 1.27514 -0.473287 0.0549905
-0.0753368 1.28099 -0.49506 0.0307652
-0.071728 1.26119 -0.499942 0.0309632
-0.0829898 1.28131 -0.506088 0.0230561
-0.0805151 1.28131 -0.502493 0.0250555
-0.0736804 1.26244 -0.500744 0.0296642
-0.0867227 1.25018 -0.514674 0.0161742
-0.0479305 1.26905 -0.470422 0.0518885
0.199096 1.25825 -0.293484 0.0295676
-0.0666038 1.28279 -0.480309 0.0437547
-0.0669451 1.26454 -0.490916 0.0382231
-0.0865155 1.27915 -0.479317 0.0293827
-0.0562156 1.26575 -0.482165 0.0455668
0.199143 1.25994 -0.30025 0.0306373
-0.0708965 1.26394 -0.490546 0.0346455
-0.0566819 1.26799 -0.483277 0.0461043
-0.0673341 1.28101 -0.481492 0.0428243
-0.084723 1.2666 -0.510977 0.0205857
-0.0866941 1.26185 -0.51234 0.0189674
-0.0832491 1.2769 -0.507674 0.0221846
-0.0843005 1.27116 -0.510104 0.0210781
-0.0777829 1.26571 -0.504111 0.0256804
-0.063159 1.24085 -0.211517 0.014629
-0.0870426 1.27354 -0.512851 0.0202832
-0.0804303 1.27431 -0.504576 0.0239481
-0.0754104 1.26179 -0.502881 0.0277384
-0.0847336 1.26386 -0.510634 0.0202854
-0.0904806 1.2637 -0.515486 0.0181227
-0.0926368 1.26476 -0.517367 0.0182488
-0.0660631 1.2642 -0.490638 0.0387066
-0.0668556 1.27189 -0.48642 0.0401321
-0.0877771 1.25773 -0.513107 0.0176359
-0.0824678 1.25976 -0.509052 0.0212281
-0.0111174 1.31213 -0.261878 0.0718625
-0.0921765 1.25542 -0.51667 0.01625
-0.0890739 1.24803 -0.516068 0.0149075
-0.0845447 1.24912 -0.513981 0.0168325
-0.0856511 1.24966 -0.514305 0.0164808
-0.0892909 1.25143 -0.515727 0.015659
-0.075109 1.26187 -0.50257 0.0280561
-0.0702143 1.26256 -0.492026 0.0348403
-0.0699591 1.26299 -0.495741 0.0341287
-0.0683689 1.26318 -0.493688 0.0361335
-0.0502409 1.26817 -0.473359 0.0501125
-0.0524842 1.26648 -0.476327 0.0479049
-0.0544252 1.26613 -0.479748 0.0466705
-0.0673745 1.28094 -0.481558 0.0427709
-0.0677342 1.28097 -0.481455 0.042498
-0.067626 1.27921 -0.482746 0.041917
-0.0785374 1.27966 -0.480404 0.0342264
-0.0832522 1.24922 -0.494099 0.0185894
-0.0564623 1.26533 -0.482312 0.0452163
-0.0605372 1.26584 -0.486624 0.0426827
-0.0692263 1.25882 -0.492631 0.0340696
-0.0861538 1.24745 -0.494613 0.015612
-0.0564858 1.26531 -0.482331 0.0451918
0.204163 1.25344 -0.260908 0.0246315
-0.0562126 1.26551 -0.481987 0.0454544
-0.0733473 1.26156 -0.49201 0.0318331
-0.0867343 1.25666 -0.492031 0.0196587
-0.0601711 1.26363 -0.485691 0.0419767
-0.0668888 1.27212 -0.486328 0.0401691
-0.0541259 1.26891 -0.481262 0.0481115
-0.0539339 1.26905 -0.481071 0.0482784
-0.0499622 1.27279 -0.4764 0.0522203
-0.0564044 1.27591 -0.478335 0.0480369
-0.0507508 1.27213 -0.477392 0.0514215
-0.0809939 1.27009 -0.484893 0.0285234
-0.0549046 1.26337 -0.218693 0.026246
0.0807597 1.32841 -0.403353 0.0973914
0.111231 1.27556 -0.261085 0.0664756
-0.0213848 1.41516 -0.31868 0.0783019
0.113415 1.27873 -0.266067 0.0675121
0.0990958 1.31406 -0.423961 0.0820772
0.0617123 1.32163 -0.411693 0.0920063
0.0936988 1.31885 -0.417903 0.0862688
0.0440413 1.34118 -0.361883 0.130801
0.00661462 1.31047 -0.293179 0.0925654
0.139424 1.3021 -0.346376 0.0710366
-0.00911124 1.3058 -0.438885 0.0873765
0.103134 1.30989 -0.428487 0.0789569
-0.0203013 1.45726 -0.277305 0.0799783
0.0418137 1.44515 -0.282629 0.1076
0.199849 1.25707 -0.256872 0.0280968
-0.0399978 1.25978 -0.227096 0.0410409
-0.0488199 1.25869 -0.221013 0.0309937
-0.0397651 1.26084 -0.227613 0.0415974
-0.0679346 1.25778 -0.208331 0.01389
-0.0663714 1.23385 -0.206237 0.00962721
-0.00241295 1.30039 -0.282221 0.0837162
0.0259225 1.26219 -0.235695 0.0390439
-0.0636704 1.23078 -0.215362 0.0170813
0.114342 1.27598 -0.264501 0.0668307
-0.0325699 1.41142 -0.420231 0.070215
0.00389403 1.34663 -0.301404 0.0896271
0.0136353 1.31985 -0.410374 0.10454
-0.0464483 1.49104 -0.204803 0.0379104
-0.0589239 1.26891 -0.218349 0.0245196
-0.0143641 1.28366 -0.297117 0.0826125
-0.00564261 1.34056 -0.417456 0.0947857
-0.0297412 1.26571 -0.260064 0.0585583
0.00886158 1.35416 -0.393698 0.105048
-0.0162124 1.28158 -0.292226 0.0797515
-0.0469208 1.33069 -0.449599 0.0698321
-0.00486191 1.28504 -0.277147 0.0705096
-0.00602974 1.3082 -0.436452 0.0899937
-0.0458661 1.22934 -0.205341 0.0161592
-0.0409212 1.25583 -0.240465 0.0442873
-0.0107693 1.35503 -0.291771 0.0754883
0.15005 1.28731 -0.285666 0.0671002
-0.0445769 1.23595 -0.222907 0.0235637
-0.0146734 1.27557 -0.293478 0.0757738
-0.0156935 1.2821 -0.293196 0.0804689
-0.012887 1.28614 -0.288174 0.0795258
-0.0392309 1.35018 -0.438273 0.0815359
0.14286 1.25744 -0.366059 0.0252433
0.107506 1.32929 -0.305869 0.0992826
-0.0330277 1.22661 -0.203549 0.0119277
-0.0372032 1.26741 -0.230698 0.0449376
-0.0345499 1.26472 -0.238382 0.0484964
-0.00829231 1.24207 -0.229408 0.0221602
0.00567616 1.42392 -0.265347 0.0932724
-0.0282605 1.3266 -0.313357 0.0627555
-0.0245867 1.27343 -0.275714 0.0679931
-0.0022476 1.32149 -0.273961 0.080515
-0.0454917 1.22905 -0.205055 0.0158213
-0.0459738 1.22105 -0.198366 0.00961817
-0.0448047 1.22137 -0.199115 0.0102571
-0.0400293 1.22363 -0.202126 0.0111226
0.00112711 1.41897 -0.258625 0.0876407
-0.0452515 1.23217 -0.204914 0.0167295
-0.0404188 1.21659 -0.196987 0.0101507
-0.0445087 1.22176 -0.19779 0.00894665
0.129927 1.30696 -0.300209 0.0837209
0.140663 1.25424 -0.339884 0.0289873
-0.0141433 1.28753 -0.307618 0.0855325
0.176236 1.26957 -0.268135 0.0456749
0.0104207 1.35652 -0.28821 0.0964379
-0.0350544 1.42267 -0.21587 0.0540242
0.129445 1.30963 -0.335758 0.0786822
0.0220435 1.39477 -0.261984 0.0862487
0.128709 1.30877 -0.298399 0.0853267
-0.0150591 1.28304 -0.295136 0.0816329
-0.0487391 1.2501 -0.222735 0.0310166
0.190229 1.26363 -0.258548 0.0355255
-0.0657918 1.22318 -0.206403 0.00977454
-0.0652768 1.22992 -0.21063 0.0128795
-0.0667753 1.22892 -0.204664 0.00860401
-0.00939546 1.30977 -0.266102 0.0738425
0.0320106 1.45798 -0.260127 0.0956323
-0.00281891 1.34311 -0.412185 0.0966583
0.118533 1.32108 -0.310676 0.0923116
-0.0242306 1.27386 -0.276429 0.0684987
0.121757 1.34398 -0.301497 0.0947677
-0.0851641 1.46232 -0.482876 0.022141
-0.0286268 1.35702 -0.287131 0.0586915
-0.0660803 1.35651 -0.296235 0.0228584
-0.0367155 1.25992 -0.2478 0.0497019
-0.0157425 1.23085 -0.206203 0.0160353
0.00984361 1.35673 -0.287108 0.095912
0.0329979 1.436 -0.285094 0.111281
-0.00941566 1.39672 -0.243066 0.0792492
-0.0357745 1.26086 -0.250014 0.0511645
-0.0387517 1.25811 -0.244029 0.0470866
-0.0494101 1.30933 -0.227238 0.0409615
-0.0258686 1.27222 -0.251918 0.0586005
-0.0438599 1.25188 -0.225811 0.0364123
0.0323678 1.41406 -0.314727 0.124475
0.00592921 1.48007 -0.343201 0.0598701
0.0232463 1.42043 -0.289899 0.11394
-1.87657e-05 1.41658 -0.256993 0.0863492
-0.0614477 1.49005 -0.224252 0.0378553
0.143409 1.35692 -0.288734 0.0869106
-0.0665621 1.28338 -0.218626 0.0231244
-0.0500796 1.27884 -0.224575 0.0334184
0.010441 1.24369 -0.218179 0.0274889
-0.0179222 1.28375 -0.261862 0.0670272
0.0318791 1.41268 -0.313599 0.12341
-0.0157384 1.23759 -0.21204 0.0176817
0.00255538 1.23752 -0.215302 0.024292
0.129911 1.39415 -0.31419 0.0972288
-0.0355258 1.24843 -0.217977 0.0285319
0.119778 1.3875 -0.316987 0.100264
0.162496 1.51607 -0.243849 0.032109
-0.040916 1.26454 -0.227361 0.0409346
-0.0222682 1.23661 -0.210295 0.0161894
-0.030165 1.24808 -0.219157 0.0268383
0.00992865 1.27867 -0.256373 0.0544885
-0.0422778 1.25442 -0.226439 0.0381217
-0.0388577 1.26472 -0.228417 0.0430352
-0.0389882 1.25792 -0.243658 0.0468176
-0.027467 1.26996 -0.268609 0.0635614
-0.0268737 1.27082 -0.270123 0.0645337
-0.0496189 1.25072 -0.221765 0.0298971
-0.0538764 1.31028 -0.226159 0.0384317
-0.040085 1.25821 -0.22725 0.0407697
-0.0569945 1.2435 -0.218323 0.0223912
-0.0677401 1.25152 -0.206422 0.0118858
-0.0242249 1.27525 -0.253882 0.0605292
-0.0218962 1.27872 -0.256306 0.062811
-0.0569974 1.2938 -0.223918 0.0314465
-0.0493384 1.29847 -0.22659 0.0380198
-0.0453183 1.29907 -0.227937 0.041298
-0.0288375 1.268 -0.263755 0.060935
-0.0214251 1.27941 -0.257076 0.0633792
-0.0592803 1.24641 -0.214252 0.0188323
-0.0615731 1.24815 -0.211682 0.0162788
-0.0657058 1.23945 -0.20744 0.0109771
-0.0699881 1.24162 -0.200805 0.0086539
-0.0530859 1.32536 -0.228547 0.04418
-0.0673394 1.2468 -0.205647 0.010801
-0.064003 1.24452 -0.209367 0.0134083
-0.061424 1.24167 -0.213765 0.0169644
-0.0622536 1.25621 -0.211759 0.0172617
-0.040058 1.25917 -0.22706 0.0408773
-0.0394166 1.2594 -0.229287 0.0421933
-0.0636264 1.23494 -0.212722 0.0149087
-0.0598962 1.23827 -0.218762 0.0210836
0.00129898 1.28793 -0.268024 0.067834
-0.0297996 1.26603 -0.260054 0.0588073
-0.00648807 1.29536 -0.277601 0.0799203
0.00359316 1.28555 -0.264919 0.064184
0.0283053 1.38425 -0.348344 0.1197
-0.00773894 1.29421 -0.27559 0.0783717
-0.0477958 1.36862 -0.381945 0.0614387
0.168934 1.35226 -0.273286 0.0766277
-0.023092 1.26905 -0.248602 0.0538394
0.0480534 1.35202 -0.343741 0.133428
-0.0211655 1.25287 -0.227814 0.0315152
-0.0353566 1.26414 -0.236802 0.0475531
-0.0320075 1.26144 -0.234829 0.0435691
0.206812 1.25407 -0.244645 0.0242038
-0.0203462 1.28218 -0.296089 0.078079
-0.00706481 1.2572 -0.233883 0.0349439
0.201705 1.25424 -0.277869 0.0261701
-0.024481 1.28154 -0.296993 0.0754983
-0.0298115 1.266 -0.259974 0.0587683
-0.0299476 1.26579 -0.259408 0.0584555
-0.0286648 1.26778 -0.257219 0.0583592
-0.0390404 1.26397 -0.228435 0.0428623
-0.0116274 1.29894 -0.266069 0.0720565
-0.0253701 1.27313 -0.252332 0.0591125
-0.0143854 1.28748 -0.265952 0.0704438
-0.00985975 1.29202 -0.272777 0.0759075
-0.00908298 1.2929 -0.273903 0.0768978
-0.0180319 1.27992 -0.289192 0.0774336
-0.0203238 1.27752 -0.28402 0.07372
-0.00983885 1.28841 -0.307777 0.0886902
-0.0185761 1.27981 -0.289277 0.077058
0.015895 1.42431 -0.321568 0.114559
-0.0834077 1.49125 -0.468807 0.0247339
-0.0180152 1.28312 -0.357869 0.0792055
-0.0263701 1.30276 -0.235179 0.0576518
0.00279978 1.30649 -0.288947 0.0889312
-0.0325032 1.26652 -0.242211 0.0510469
-0.0355004 1.26116 -0.250474 0.0515298
-0.0431622 1.50324 -0.199804 0.0302212
0.130748 1.3059 -0.30129 0.0827016
-0.0278479 1.28075 -0.296956 0.0732298
-0.0392159 1.25967 -0.229775 0.0425197
-0.0382959 1.26112 -0.231919 0.0440797
0.125098 1.47815 -0.455878 0.0577529
-0.0869707 1.48598 -0.184787 0.00323354
-0.0419393 1.34177 -0.233798 0.0572168
0.0978758 1.46164 -0.424631 0.0896339
0.0842348 1.32611 -0.407264 0.094309
0.0117036 1.35545 -0.290728 0.0975503
0.00742906 1.43058 -0.327491 0.107711
-0.0827517 1.49203 -0.192898 0.0112621
0.00620673 1.42943 -0.265416 0.0939442
0.00692524 1.40095 -0.325405 0.099533
-0.0684587 1.40562 -0.313353 0.0392625
0.0727753 1.2632 -0.244361 0.0507522
0.0679301 1.31766 -0.419407 0.0860918
0.0429787 1.34726 -0.337021 0.127945
0.0344658 1.37994 -0.363025 0.127706
-0.0606511 1.34136 -0.310393 0.0295054
-0.0439012 1.33935 -0.444988 0.0746992
-0.0142083 1.27989 -0.421579 0.078341
-0.0134643 1.27999 -0.42036 0.0789196
-0.0342269 1.27237 -0.413994 0.0600669
-0.0128528 1.28636 -0.425915 0.0796095
0.0241676 1.32665 -0.322468 0.111222
-0.00899138 1.28089 -0.411981 0.0827978
0.00073272 1.31526 -0.429719 0.0964209
0.116966 1.32288 -0.312035 0.0936718
0.13908 1.30535 -0.373717 0.0719904
-0.0625373 1.33922 -0.442931 0.0634495
-0.0217585 1.28087 -0.36801 0.0750462
-0.00461527 1.30971 -0.435188 0.0912921
-0.0434243 1.34013 -0.444465 0.0752768
-0.0008731 1.31342 -0.431493 0.0947977
0.0964156 1.45992 -0.422877 0.0913315
0.00173061 1.34736 -0.404654 0.0995993
0.00209245 1.3167 -0.428072 0.0977931
0.142451 1.4443 -0.48219 0.0505845
0.214475 1.25452 -0.246021 0.0181137
-0.0764898 1.36417 -0.326091 0.014316
-0.00576464 1.28224 -0.405536 0.0860958
-0.0173018 1.27851 -0.402392 0.0755802
-0.00423109 1.28246 -0.402534 0.0875433
-0.00899485 1.32357 -0.43173 0.0902293
-0.0394174 1.34961 -0.438634 0.0812039
-0.040347 1.34737 -0.440022 0.0798177
-0.0419237 1.3434 -0.442232 0.0774609
-0.0199282 1.33022 -0.435261 0.0841758
-0.0405384 1.34677 -0.440364 0.0794776
-0.0726675 1.37067 -0.318868 0.0166022
-0.00688749 1.28274 -0.38137 0.0862284
0.0411353 1.33198 -0.386109 0.114124
0.0593305 1.3351 -0.386443 0.111611
-0.0476805 1.36864 -0.427534 0.0840838
0.00226603 1.50366 -0.229111 0.0547339
-0.0726159 1.36551 -0.350742 0.0295037
-0.0289892 1.37299 -0.347787 0.0638207
-0.030723 1.36968 -0.416421 0.0888202
0.00307956 1.3763 -0.358846 0.096697
0.0358894 1.38026 -0.361835 0.128914
-0.00966689 1.44507 -0.335716 0.0946895
0.0481879 1.38679 -0.351625 0.13981
0.00150687 1.43624 -0.333084 0.102189
-0.0304286 1.43226 -0.314491 0.0793445
0.027125 1.38058 -0.35621 0.119549
0.0405375 1.38205 -0.357964 0.132916
0.0420917 1.46976 -0.440818 0.0814208
-0.0602903 1.36766 -0.37872 0.0519771
0.123846 1.48451 -0.401628 0.0836583
-0.0428511 1.36948 -0.379872 0.063937
-0.0066874 1.44327 -0.337376 0.0961615
-0.0806332 1.46168 -0.480078 0.0267311
0.00258128 1.37406 -0.377705 0.101162
-0.0336189 1.4622 -0.285866 0.0764267
-0.0803691 1.48959 -0.191499 0.0110298
-0.0227291 1.44757 -0.314916 0.0929569
-0.0856108 1.48637 -0.186427 0.00442941
-0.0231085 1.45847 -0.278566 0.0787884
-0.0872038 1.49236 -0.187185 0.00516776
-0.0731727 1.46874 -0.193693 0.0154796
-0.00598584 1.40933 -0.248733 0.080495
-0.0480861 1.47702 -0.256896 0.0568964
0.0779514 1.43956 -0.411159 0.105187
-0.0391615 1.4433 -0.314179 0.079736
0.0682861 1.48178 -0.408368 0.067603
-0.056741 1.48558 -0.23936 0.0457646
-0.00210163 1.41574 -0.254188 0.0840788
-0.0085316 1.45305 -0.269756 0.085542
-0.0455579 1.47925 -0.211267 0.0418505
-0.0329914 1.48491 -0.213435 0.0487264
-0.00108582 1.47323 -0.235668 0.0721891
-0.0726531 1.47922 -0.193558 0.0158894
-0.0421009 1.48994 -0.206929 0.0407329
-0.0832156 1.48916 -0.189477 0.00792463
-0.0745309 1.49374 -0.197695 0.0197198
0.0248436 1.47587 -0.44551 0.0720732
-0.038047 1.46687 -0.275956 0.0701022
-0.0810937 1.48764 -0.189968 0.00917852
-0.0588373 1.48166 -0.201518 0.0291141
-0.0608621 1.49834 -0.190981 0.0236629
-0.0480419 1.49169 -0.203512 0.0364214
-0.0568363 1.49353 -0.199095 0.0300604
0.117413 1.4934 -0.257001 0.060627
-0.00101251 1.46995 -0.236621 0.0747611
-0.041993 1.48905 -0.20665 0.0408582
-0.0586443 1.49062 -0.204089 0.0330949
-0.0608192 1.49144 -0.203086 0.0315483
-0.0118652 1.46293 -0.241399 0.0755415
-0.0608139 1.49822 -0.190701 0.0234291
-0.062582 1.49249 -0.201653 0.0298976
0.00915935 1.46783 -0.243474 0.0805298
-0.0278947 1.41005 -0.223546 0.0624257
0.122511 1.48257 -0.398041 0.0859579
-0.00309731 1.47039 -0.235301 0.0735565
-0.0202052 1.42964 -0.233734 0.064841
-0.0120324 1.43841 -0.244263 0.0734881
-0.0191507 1.43227 -0.234989 0.0656795
0.0162627 1.31083 -0.333392 0.105831
0.0970496 1.31093 -0.284949 0.0834755
0.0937741 1.30099 -0.272212 0.0759541
0.150949 1.4884 -0.311285 0.0629704
0.205358 1.26635 -0.245943 0.0266904
0.119317 1.34573 -0.304365 0.0962291
-0.00283929 1.29309 -0.322258 0.0963723
0.000643081 1.37208 -0.236281 0.0778087
0.0312888 1.42557 -0.300301 0.118347
0.154775 1.50542 -0.299628 0.0484932
0.0199471 1.46364 -0.251792 0.0883601
0.00433985 1.41718 -0.263295 0.0911582
0.010286 1.42934 -0.2721 0.0995849
0.147115 1.52116 -0.263626 0.0294555
-0.0492299 1.47565 -0.207461 0.0370056
-0.0231104 1.42908 -0.230117 0.0620884
-0.0251749 1.42458 -0.227645 0.060957
-0.00506527 1.47068 -0.234198 0.0725118
-0.0167335 1.46722 -0.236028 0.0701439
-0.0366082 1.41882 -0.214289 0.0546233
-0.00285202 1.45455 -0.254674 0.0857393
-0.0383527 1.46555 -0.418848 0.059155
-0.0312676 1.4841 -0.214797 0.0502767
-0.0111406 1.46246 -0.241987 0.0762137
-0.0332332 1.44976 -0.219468 0.0504439
-0.044138 1.43827 -0.208142 0.0433344
-0.0337591 1.47704 -0.231594 0.0558328
-0.0151696 1.4659 -0.237877 0.0719442
-0.0195952 1.47941 -0.223397 0.0598982
-0.0306051 1.4712 -0.246229 0.0621829
-0.0539229 1.48897 -0.207509 0.0370884
-0.0291593 1.45963 -0.317264 0.0830292
-0.0628831 1.49261 -0.212393 0.033215
-0.0705974 1.49859 -0.188684 0.0183504
-0.0100678 1.4733 -0.230506 0.0683411
-0.00146926 1.47002 -0.23638 0.0745472
-0.0425085 1.48296 -0.214612 0.0464008
-0.00965165 1.46439 -0.240162 0.0751849
-0.0140151 1.4755 -0.227544 0.0649292
-0.0390082 1.48704 -0.209049 0.0438789
-0.0381542 1.48684 -0.209994 0.0448411
-0.055657 1.49493 -0.19671 0.0290601
0.123363 1.4766 -0.388576 0.0888625
-0.0561929 1.49525 -0.196199 0.0285411
-0.013936 1.46463 -0.239357 0.0733852
-0.0389349 1.48703 -0.209605 0.0443773
-0.0501307 1.49262 -0.201388 0.0341439
-0.0499269 1.49203 -0.197838 0.0311594
-0.0493369 1.49219 -0.202241 0.0350665
-0.00851334 1.46021 -0.245425 0.0788817
-0.0110737 1.46241 -0.242049 0.0762771
0.00243733 1.44908 -0.262784 0.0925241
-0.0555195 1.48959 -0.207966 0.0361283
-0.0626818 1.49898 -0.188406 0.0213349
-0.0266627 1.47448 -0.228191 0.0606609
-0.00491038 1.47079 -0.231967 0.0706023
-0.0129115 1.47592 -0.208329 0.0495398
-0.00435642 1.50446 -0.224587 0.0510876
-0.0311887 1.48408 -0.214853 0.050335
-0.0015787 1.47004 -0.23631 0.0744857
0.000456864 1.47035 -0.225157 0.0652177
-0.00781238 1.47211 -0.232359 0.0703373
-0.0118765 1.47409 -0.229218 0.066924
-0.0438216 1.50036 -0.200926 0.0317576
-0.0608105 1.49831 -0.191056 0.0237283
-0.0337764 1.46256 -0.285009 0.0760363
-0.0296268 1.49145 -0.212694 0.0453061
-0.0266233 1.5077 -0.20815 0.0373618
-0.0149115 1.47646 -0.22042 0.0586358
0.108252 1.46199 -0.392999 0.0929371
-0.0653167 1.40233 -0.472208 0.0454276
-0.0303735 1.47559 -0.345341 0.0741416
-0.0158589 1.47693 -0.226034 0.0631103
-0.0165121 1.49742 -0.219214 0.0486383
-0.0188244 1.48563 -0.221807 0.0554575
0.00180385 1.46957 -0.238234 0.0760853
0.000881489 1.49058 -0.231893 0.0609376
-0.00882283 1.48843 -0.456421 0.0514238
-0.0196995 1.47948 -0.223284 0.0597785
-0.0311153 1.47651 -0.224602 0.0566419
-0.0287516 1.48345 -0.216193 0.0518735
-0.0352787 1.47889 -0.22063 0.0528063
-0.0374498 1.48006 -0.219086 0.0510278
-0.0710574 1.50008 -0.196036 0.0205152
-0.0414956 1.48879 -0.207841 0.0420229
-0.0419992 1.48913 -0.207388 0.0414887
-0.0388375 1.49762 -0.205039 0.0363209
-0.052147 1.48834 -0.208481 0.0384379
-0.0475835 1.48613 -0.211471 0.0420681
-0.00782514 1.45955 -0.246438 0.0796272
-0.0102262 1.46177 -0.243159 0.0771349
0.00320921 1.46932 -0.239137 0.0768217
-0.000442498 1.46983 -0.236959 0.0750501
-0.0420388 1.48272 -0.214841 0.0467809
-0.0609383 1.4918 -0.211668 0.0339319
-0.0506372 1.49039 -0.205323 0.0366206
-0.0523135 1.48842 -0.208397 0.0383186
-0.0643018 1.49939 -0.186584 0.0196687
-0.0185097 1.46857 -0.234452 0.0682805
0.0050446 1.42526 -0.388907 0.09726
0.0182069 1.46441 -0.250551 0.0871141
-0.0563448 1.48535 -0.240427 0.0463722
-0.0607075 1.49824 -0.191173 0.0238325
-0.0613393 1.49602 -0.19573 0.0261325
-0.0584782 1.49692 -0.193827 0.0262015
-0.05941 1.49755 -0.192571 0.0250961
0.0095293 1.46771 -0.243779 0.080797
0.0140642 1.46626 -0.247005 0.0837893
-0.0378074 1.46711 -0.274661 0.0695818
-0.0254295 1.46163 -0.27048 0.0743091
0.0211434 1.50917 -0.240807 0.0621927
0.18321 1.52617 -0.51046 0.00674088
-0.0431306 1.48498 -0.289988 0.0579411
0.0312527 1.49131 -0.327178 0.0534621
-0.0264793 1.45896 -0.337599 0.0856106
0.0231715 1.42678 -0.294428 0.116174
0.0448265 1.39099 -0.354524 0.136575
0.0279415 1.44215 -0.316869 0.0993947
0.0340225 1.43491 -0.288839 0.112507
0.00783361 1.43034 -0.327724 0.107957
0.18495 1.47425 -0.252288 0.0320384
0.0433974 1.45406 -0.26921 0.102704
0.0169362 1.44652 -0.266815 0.0977113
0.0115453 1.43915 -0.272738 0.101933
0.00251278 1.44901 -0.262877 0.0926063
0.00482806 1.44612 -0.265727 0.0950728
-0.0631876 1.49303 -0.212423 0.0328089
0.0137378 1.43619 -0.276751 0.104817
0.0147578 1.43474 -0.278812 0.106283
-0.0155249 1.44867 -0.291461 0.0876893
-0.0203415 1.45547 -0.340817 0.0875993
-0.026147 1.45432 -0.327194 0.0885106
0.0765358 1.45769 -0.414453 0.0917301
0.0229501 1.42753 -0.290354 0.115246
0.0154758 1.43401 -0.279928 0.107085
0.129329 1.47323 -0.374519 0.0874249
0.0664134 1.40131 -0.367287 0.128657
-0.0066759 1.43853 -0.319806 0.100108
-0.0142849 1.44246 -0.315975 0.0968604
-0.00211191 1.43526 -0.317398 0.103149
-0.00653523 1.43779 -0.316403 0.100765
0.016731 1.42398 -0.321008 0.115001
0.0357478 1.43329 -0.293172 0.113602
-0.023355 1.49239 -0.461783 0.0429701
0.0180644 1.4801 -0.336203 0.0598731
0.0337354 1.4352 -0.288 0.112275
0.162969 1.52383 -0.278896 0.0322693
-0.0161846 1.44367 -0.315678 0.0959548
0.00552787 1.43431 -0.303954 0.104963
-0.0187455 1.44516 -0.315295 0.0947447
-0.0628957 1.49259 -0.212511 0.0332467
-0.0597268 1.48813 -0.230642 0.0410633
-0.060238 1.489 -0.228098 0.0398414
-0.0699754 1.48211 -0.238175 0.0363443
-0.0561783 1.48518 -0.240924 0.0466197
-0.0988145 1.49901 -0.480336 0.0139276
-0.064633 1.39367 -0.490634 0.0405688
-0.058441 1.48192 -0.396895 0.0486753
0.0448983 1.46865 -0.439958 0.0830842
-0.0316884 1.45627 -0.297819 0.0822955
-0.0596348 1.48798 -0.231414 0.0413603
-0.0613962 1.48995 -0.224882 0.0381068
-0.0658336 1.49403 -0.202824 0.028273
-0.0631857 1.49281 -0.210043 0.0322072
-0.0392128 1.47563 -0.290673 0.065342
-0.0266443 1.45661 -0.331446 0.0870637
-0.0342608 1.4632 -0.283456 0.0752051
-0.0644936 1.49307 -0.205516 0.0300721
-0.06283 1.49249 -0.212891 0.0333988
-0.071119 1.48777 -0.223202 0.0305126
-0.0346049 1.46369 -0.282499 0.074614
-0.0623919 1.49182 -0.218294 0.0352591
-0.0623687 1.49181 -0.218359 0.035293
-0.0476144 1.46612 -0.274631 0.0629088
-0.0385492 1.46739 -0.275082 0.069462
-0.0392166 1.46799 -0.274189 0.0686556
-0.0386529 1.46747 -0.274935 0.069341
-0.0413492 1.46744 -0.274303 0.0671778
-0.026463 1.45603 -0.33037 0.0874494
-0.0122903 1.48371 -0.451222 0.050799
-0.0258809 1.45208 -0.321003 0.0900071
-0.0260841 1.45087 -0.317709 0.0907295
-0.0331893 1.45958 -0.291814 0.0789112
-0.0315199 1.45591 -0.298596 0.0827046
-0.0537696 1.4825 -0.247257 0.0500218
-0.0549363 1.48418 -0.243482 0.0480971
-0.0519648 1.48992 -0.265659 0.0478749
-0.044832 1.47406 -0.263419 0.0608814
-0.0440212 1.473 -0.265624 0.06218
-0.0494662 1.47823 -0.254823 0.0553782
-0.0499084 1.47861 -0.253957 0.0547963
-0.0576913 1.47563 -0.255545 0.0497972
-0.0279304 1.46081 -0.331282 0.083587
-0.0565212 1.48544 -0.240075 0.0461547
0.122074 1.46908 -0.383428 0.0904235
0.0344411 1.45725 -0.426416 0.0800879
-0.0402366 1.38647 -0.42461 0.0779811
-0.0633771 1.48008 -0.454361 0.0397098
-0.037454 1.4545 -0.300335 0.0791502
-0.0311894 1.45523 -0.300348 0.0835341
-0.0310214 1.455 -0.30082 0.0837927
-0.074076 1.48507 -0.462003 0.0323178
-0.0259695 1.45019 -0.316213 0.0911842
-0.0260343 1.45038 -0.316222 0.0910165
-0.0261944 1.44944 -0.314599 0.0914459
-0.028777 1.4503 -0.311998 0.0889013
-0.0273629 1.45047 -0.311984 0.0898918
-0.0272916 1.4504 -0.312133 0.0899907
-0.0297055 1.47339 -0.44001 0.0505658
-0.108421 1.49885 -0.486313 0.00666061
-0.0417449 1.46416 -0.430228 0.0579063
0.116311 1.52698 -0.475441 0.0230409
-0.047565 1.49931 -0.469689 0.0300493
-0.0993745 1.48796 -0.472824 0.0139576
-0.0334698 1.46014 -0.423473 0.0637615
-0.0168803 1.44721 -0.409438 0.076755
0.0275847 1.47496 -0.445124 0.0735092
-0.102815 1.49457 -0.511471 0.0141199
-0.0956688 1.49823 -0.47737 0.017065
-0.0433477 1.4871 -0.457289 0.0372237
-0.0536167 1.47332 -0.444041 0.0476403
-0.0952991 1.41625 -0.497105 0.0151578
-0.107295 1.49775 -0.510639 0.00887683
0.133411 1.49632 -0.364579 0.0699067
-0.0538808 1.50127 -0.472074 0.0264596
-0.0301476 1.45798 -0.421005 0.0660107
-0.0715015 1.44859 -0.456361 0.0449516
-0.0869959 1.43317 -0.486748 0.0223618
0.0459456 1.45248 -0.457132 0.065836
-0.0793719 1.42504 -0.481987 0.0314914
-0.0635528 1.48822 -0.419259 0.0423035
-0.0907676 1.4919 -0.478903 0.0187022
-0.100054 1.43959 -0.496207 0.0134096
-0.115262 1.49581 -0.506684 0.0104229
0.177237 1.541 -0.495063 0.0131928
0.0644671 1.42983 -0.451695 0.0656372
-0.100824 1.50886 -0.495023 0.00243806
-0.0909644 1.50208 -0.46273 0.0189241
-0.0978107 1.49235 -0.485305 0.011707
0.0879562 1.45026 -0.414752 0.100137
-0.0286256 1.49445 -0.463619 0.0400197
0.155205 1.51655 -0.305029 0.0423158
-0.101849 1.50895 -0.495096 0.00288275
-0.0763143 1.47316 -0.466311 0.0341488
-0.00589959 1.48743 -0.455696 0.0532058
-0.0927565 1.48463 -0.483945 0.0147084
-0.107002 1.49922 -0.486906 0.00786619
-0.0706245 1.45405 -0.459223 0.0432942
-0.108079 1.49889 -0.487094 0.00700298
-0.107389 1.49931 -0.510798 0.0075779
-0.107578 1.49819 -0.489592 0.00772823
-0.026024 1.36695 -0.415069 0.0897413
-0.0908109 1.42324 -0.492815 0.019174
-0.104194 1.49956 -0.4864 0.0100334
-0.00523793 1.36477 -0.399454 0.0983678
0.139162 1.5052 -0.437782 0.059095
-0.0912676 1.47057 -0.485979 0.0160194
-0.0577264 1.40308 -0.481021 0.0499963
0.127139 1.49799 -0.460466 0.0536175
-0.01177 1.44177 -0.405351 0.0808501
-0.0704269 1.41974 -0.480334 0.0396005
-0.0264874 1.46167 -0.343274 0.0842746
0.0163574 1.37303 -0.37849 0.113268
-0.0958453 1.4979 -0.477516 0.0169359
-0.0598514 1.40315 -0.482063 0.0477176
-0.0015408 1.47678 -0.444073 0.0583045
-0.0838887 1.42579 -0.485147 0.0265691
-0.0936909 1.42666 -0.492575 0.0171036
-0.0844257 1.47076 -0.464577 0.0282315
-0.0795873 1.49937 -0.443085 0.0282365
-0.0990359 1.49861 -0.480519 0.0137957
0.0500674 1.4559 -0.44661 0.0756385
-0.0934101 1.41145 -0.498477 0.0162686
-0.098706 1.49707 -0.477568 0.0143265
-0.0981111 1.48739 -0.47271 0.0148011
0.0565729 1.44824 -0.441509 0.0776653
-0.097525 1.48707 -0.479261 0.0117346
-0.0965645 1.48792 -0.472984 0.0158261
-0.0882246 1.48661 -0.479054 0.0198938
-0.084605 1.39611 -0.497094 0.0225245
-0.0295246 1.47274 -0.345504 0.0762047
-0.0578091 1.46891 -0.447902 0.0447336
-0.0251685 1.46051 -0.343114 0.0848421
-0.0757578 1.47854 -0.464908 0.0326445
-0.0428777 1.47601 -0.378191 0.0636028
-0.0894341 1.48894 -0.478344 0.019727
-0.0711277 1.45637 -0.460368 0.0421351
-0.0797135 1.47352 -0.465999 0.0313361
-0.0822358 1.39677 -0.495572 0.0245601
-0.0433034 1.46518 -0.432029 0.0565214
-0.0788532 1.47417 -0.4662 0.0319021
-0.0818591 1.47374 -0.465957 0.0295438
-0.0525891 1.43787 -0.438501 0.053948
-0.0799392 1.47991 -0.468809 0.0297156
-0.0370165 1.36964 -0.421568 0.0873959
-0.00533873 1.35292 -0.407707 0.0962975
-0.0400991 1.45379 -0.428756 0.0585755
-0.012388 1.35801 -0.410425 0.0935152
0.0535097 1.46195 -0.434167 0.088069
-0.0839839 1.50349 -0.478453 0.011647
-0.0166113 1.49103 -0.459454 0.0466685
0.0146348 1.41739 -0.380366 0.106804
0.0201432 1.37674 -0.374458 0.116409
-0.0322758 1.45934 -0.422659 0.064556
-0.0670864 1.49073 -0.424348 0.0392766
-0.0198085 1.4024 -0.408361 0.0806132
0.0955927 1.45619 -0.404703 0.0972394
-0.0873517 1.39647 -0.498183 0.0203389
-0.0740336 1.46784 -0.464608 0.0368239
-0.0494589 1.46951 -0.438059 0.0516935
-0.0348288 1.46075 -0.424421 0.0628528
-0.0855584 1.45061 -0.485588 0.0219618
-0.0801653 1.43689 -0.483846 0.0280442
-0.0650354 1.47819 -0.45589 0.0387154
-0.0723676 1.46023 -0.462209 0.0402
-0.0649103 1.43549 -0.449259 0.0523084
0.17124 1.26965 -0.489023 0.0390661
-0.0754895 1.47106 -0.465779 0.0351242
0.0175359 1.37616 -0.376454 0.114533
0.0112944 1.48494 -0.449481 0.0612829
0.00202951 1.35954 -0.396643 0.10158
0.0381458 1.39597 -0.359653 0.130512
0.0113402 1.42031 -0.383171 0.103507
-0.00427632 1.47401 -0.440678 0.0583384
0.0314188 1.40386 -0.367363 0.121881
-0.0129943 1.34631 -0.420661 0.0917913
0.0386011 1.39563 -0.359334 0.130914
0.0307607 1.40284 -0.366174 0.122963
0.00176555 1.37158 -0.389689 0.103945
-0.0377368 1.48307 -0.452708 0.041133
0.0139401 1.37474 -0.379458 0.111957
0.0161537 1.41585 -0.379068 0.108385
0.00164894 1.37155 -0.389783 0.103876
-0.0744778 1.46905 -0.465057 0.0362362
-0.000429035 1.37127 -0.391449 0.102593
-0.0320999 1.49512 -0.464584 0.038217
0.00170299 1.37151 -0.389763 0.103901
0.000751513 1.37057 -0.390996 0.103148
0.00850672 1.3655 -0.387686 0.10694
0.00933557 1.36628 -0.386633 0.107619
-0.0725259 1.46159 -0.462561 0.0396519
0.0550974 1.45989 -0.432193 0.0891242
0.0260177 1.40691 -0.369932 0.118462
0.0190549 1.41311 -0.376565 0.111289
0.0255116 1.40729 -0.370333 0.117998
-0.0225629 1.37023 -0.409758 0.0914597
-0.0152964 1.37073 -0.403357 0.0945824
0.0306304 1.40296 -0.366277 0.122835
-0.0143235 1.37069 -0.402578 0.0950374
-0.101843 1.50886 -0.495429 0.00261644
-0.0731236 1.46424 -0.463209 0.0384755
-0.0638501 1.48033 -0.45475 0.0394037
-0.0762426 1.47302 -0.466279 0.034223
-0.0769529 1.47478 -0.466508 0.0333528
-0.0613174 1.4791 -0.452365 0.0410559
0.18327 1.5262 -0.510565 0.0067112
-0.041309 1.49761 -0.467536 0.0334511
-0.101485 1.50878 -0.494946 0.00274146
-0.099825 1.4858 -0.488654 0.0103257
-0.0825603 1.48454 -0.47049 0.0271688
-0.0993083 1.50668 -0.482537 0.00920167
-0.0287176 1.49448 -0.463663 0.0399659
-0.0911414 1.50178 -0.463995 0.0187022
-0.0978197 1.4982 -0.479367 0.0149386
-0.0977816 1.48626 -0.486663 0.0112917
-0.104774 1.49966 -0.487265 0.00977219
-0.0943509 1.46105 -0.489696 0.0148732
-0.0221635 1.49206 -0.461361 0.0436315
-0.0401301 1.48165 -0.451468 0.0414965
-0.0253908 1.46098 -0.343214 0.0845054
-0.0870414 1.50048 -0.456239 0.022269
-0.0875839 1.50049 -0.457167 0.0218028
-0.096236 1.49886 -0.477933 0.0163896
-0.101778 1.50916 -0.495291 0.00278697
-0.101061 1.50879 -0.485392 0.00670113
-0.0931725 1.49586 -0.475613 0.0189289
-0.0908134 1.49398 -0.474606 0.0206496
-0.0681607 1.50607 -0.477976 0.0174638
-0.0565533 1.47753 -0.449489 0.0430647
-0.0948666 1.49736 -0.477003 0.017655
-0.0939157 1.49655 -0.476793 0.0181804
-0.094064 1.49661 -0.476405 0.0182396
-0.0245167 1.45453 -0.416035 0.0702644
0.00479317 1.48351 -0.451989 0.059776
-0.0610914 1.50734 -0.475325 0.0199819
-0.0792653 1.49928 -0.442325 0.0285395
0.0169389 1.4789 -0.447892 0.067335
0.0114267 1.48099 -0.449625 0.0640481
-0.0810317 1.48912 -0.467468 0.026903
-0.0539729 1.47372 -0.444473 0.0472686
-0.0792771 1.48796 -0.46663 0.0282317
-0.0392837 1.49742 -0.467068 0.0343734
-0.0363717 1.49648 -0.465737 0.0360032
-0.0573849 1.47647 -0.448475 0.044121
-0.0508118 1.50067 -0.471375 0.0280324
0.0962933 1.45659 -0.404035 0.0969424
-0.0567536 1.4854 -0.458061 0.0354172
-0.037492 1.48336 -0.453 0.0410133
-0.0523404 1.50081 -0.471718 0.0273212
-0.0497489 1.46977 -0.438401 0.05145
0.00274328 1.48444 -0.452899 0.0583546
-0.0056915 1.48729 -0.457279 0.0523149
-0.0532213 1.4796 -0.414167 0.0491786
-0.00564529 1.48738 -0.455647 0.0533381
-0.0676258 1.5058 -0.477636 0.0178848
-0.0425529 1.49664 -0.466729 0.0331231
0.0124724 1.49081 -0.448927 0.0579518
-0.0768068 1.49779 -0.439141 0.0303782
0.0138577 1.48024 -0.449057 0.0654332
-0.00720948 1.49716 -0.455754 0.0464548
0.00787157 1.4821 -0.450903 0.0618553
-0.00692801 1.48779 -0.455894 0.0526005
-0.0511034 1.49379 -0.465189 0.0308011
-0.0513125 1.47084 -0.440201 0.0502003
-0.00927592 1.48548 -0.453296 0.0517963
0.00848738 1.48187 -0.450684 0.0622517
-0.00408676 1.43364 -0.397575 0.0881481
-0.0314182 1.46211 -0.409728 0.0637841
0.00699172 1.42349 -0.386853 0.0993967
-0.0826059 1.50729 -0.480603 0.00918803
0.13702 1.50845 -0.431341 0.0589455
-0.0734022 1.49635 -0.433017 0.0332819
-0.0284666 1.4629 -0.34607 0.0821961
-0.0418101 1.49773 -0.467652 0.0331942
-0.064119 1.48052 -0.455016 0.039188
-0.06451 1.48081 -0.455336 0.0388634
-0.0861843 1.50049 -0.453601 0.0232419
-0.0651105 1.48945 -0.42178 0.0408573
0.0265296 1.47525 -0.445277 0.0729853
-0.0882529 1.4938 -0.472314 0.0215512
-0.0704342 1.48355 -0.459906 0.0346035
-0.0761586 1.48663 -0.463781 0.0304802
-0.0606141 1.50426 -0.47517 0.021912
0.0910387 1.45229 -0.407374 0.099583
-0.0462144 1.49876 -0.469211 0.0308237
-0.0844208 1.4996 -0.450846 0.0248702
-0.066184 1.50511 -0.477131 0.0187699
0.0193843 1.47781 -0.447165 0.0688199
-0.0764717 1.49769 -0.43868 0.0306128
-0.0577151 1.47668 -0.448854 0.0438491
-0.0735999 1.49646 -0.433482 0.0330675
-0.0566209 1.49568 -0.467682 0.0276967
-0.0831766 1.49993 -0.448709 0.0257094
-0.0831057 1.49995 -0.448516 0.0257624
-0.0689315 1.48305 -0.458842 0.0355974
-0.0677609 1.48239 -0.458061 0.03644
-0.0604138 1.50415 -0.475032 0.0220675
-0.0663145 1.48913 -0.463687 0.0297367
-0.0568246 1.5022 -0.473409 0.0245156
0.185903 1.53813 -0.507214 0.00558078
-0.0360239 1.46902 -0.359798 0.0727162
0.0166936 1.34644 -0.301318 0.102224
0.0127913 1.41915 -0.381939 0.104936
-0.0693707 1.49313 -0.428145 0.0367078
-0.0672016 1.49079 -0.424563 0.0391731
-0.0464005 1.47941 -0.385654 0.0595093
-0.0473296 1.48027 -0.388908 0.0581776
0.0672225 1.49084 -0.448055 0.0621529
-0.0253758 1.4607 -0.343152 0.0847483
-0.0171813 1.44744 -0.409677 0.0765279
-0.0229492 1.45311 -0.41462 0.0715469
-0.018554 1.44856 -0.410613 0.0754899
-0.0430632 1.47612 -0.378617 0.0634034
-0.0570976 1.48457 -0.408948 0.0486952
-0.057973 1.48527 -0.41018 0.0478115
-0.0607845 1.49816 -0.410488 0.0397879
-0.0588728 1.48586 -0.411212 0.0469635
-0.0545936 1.48684 -0.403961 0.0491092
-0.0292733 1.46334 -0.34752 0.0812313
-0.0412473 1.47439 -0.371866 0.0659869
-0.00726188 1.437 -0.401076 0.0849614
0.0361095 1.47211 -0.443009 0.0779692
0.0320195 1.47329 -0.444041 0.0758494
-0.0540149 1.48356 -0.404111 0.0512922
-0.0518251 1.48244 -0.398825 0.0537086
-0.0489339 1.48141 -0.393279 0.0563842
-0.0511273 1.48234 -0.397008 0.0544628
-0.049343 1.48162 -0.394082 0.0559986
0.0896244 1.51229 -0.461981 0.0395008
0.136194 1.5018 -0.43184 0.0630825
-0.0350108 1.46822 -0.357372 0.0741362
0.00649644 1.42674 -0.367513 0.0992628
-0.0113176 1.44771 -0.339406 0.09272
-0.00666206 1.48949 -0.349266 0.0542159
-0.0196037 1.45545 -0.34225 0.0875965
-0.018488 1.45434 -0.34185 0.0882753
0.160997 1.41507 -0.37748 0.0476956
0.16839 1.526 -0.261779 0.0263882
0.0868423 1.44909 -0.413866 0.101218
0.0536479 1.48635 -0.420066 0.0641492
0.0292108 1.47076 -0.324278 0.0716219
0.0752887 1.4081 -0.361651 0.12312
0.12176 1.468 -0.382743 0.0906674
0.0693237 1.40386 -0.365052 0.126896
0.0854539 1.44779 -0.412731 0.102435
0.0617005 1.48227 -0.413615 0.0669293
0.0781773 1.4194 -0.380088 0.115301
0.0690786 1.45823 -0.420402 0.0908176
0.0760987 1.41418 -0.388795 0.113968
0.0612997 1.4622 -0.426619 0.087564
0.0572768 1.49452 -0.40932 0.0546272
0.151927 1.51375 -0.246174 0.0378462
0.171642 1.39585 -0.282701 0.0805242
0.168942 1.50531 -0.256975 0.0357026
0.171912 1.50782 -0.50241 0.0150718
0.0516762 1.46645 -0.437819 0.086386
0.135618 1.52646 -0.474179 0.0256377
0.0975984 1.52168 -0.468392 0.0302788
0.173105 1.52552 -0.502671 0.0122085
0.108422 1.52636 -0.473245 0.024593
0.0446862 1.48694 -0.439947 0.0701263
0.0451774 1.48062 -0.438753 0.0752613
0.0507055 1.46629 -0.438109 0.0862835
0.168151 1.51552 -0.497481 0.0161216
0.167963 1.51587 -0.497296 0.0162699
0.14076 1.27121 -0.476299 0.0514239
0.144173 1.53971 -0.484527 0.0140487
0.112425 1.47201 -0.397109 0.0903044
0.156424 1.5351 -0.468163 0.03236
0.146731 1.53174 -0.472909 0.0265578
0.141787 1.51786 -0.439796 0.0509926
0.14863 1.50818 -0.327201 0.0527099
0.123474 1.49719 -0.25525 0.0570163
0.177812 1.51944 -0.508008 0.00929185
0.174619 1.54591 -0.517924 0.0040037
0.12092 1.48018 -0.394427 0.088454
0.14781 1.4875 -0.280281 0.0604111
0.15258 1.54246 -0.485772 0.014861
0.103741 1.46757 -0.429783 0.0836817
0.178593 1.52134 -0.508254 0.00849159
0.181545 1.53876 -0.501036 0.00904928
0.123023 1.48325 -0.388579 0.0848374
0.123571 1.34517 -0.427647 0.0803749
0.156443 1.53512 -0.468189 0.0323403
0.176075 1.52143 -0.506051 0.00951188
0.181547 1.53922 -0.501013 0.00908585
0.165448 1.52541 -0.479631 0.0268338
0.179625 1.53288 -0.49842 0.0118096
0.175469 1.52443 -0.504794 0.00998855
0.177374 1.53257 -0.494529 0.0148305
0.188078 1.53826 -0.510477 0.00403387
0.185224 1.53922 -0.505966 0.00580881
0.1871 1.54209 -0.511148 0.00421393
0.176577 1.53185 -0.493182 0.0157299
0.164162 1.52501 -0.477996 0.0281991
0.158865 1.52171 -0.471548 0.0338155
0.0535392 1.46494 -0.436084 0.087128
0.102571 1.40907 -0.46615 0.0669997
0.0631487 1.47212 -0.442042 0.0796121
0.0608036 1.45446 -0.426365 0.0928398
0.14947 1.36516 -0.433982 0.0529877
0.12471 1.49147 -0.452734 0.0606648
0.0623566 1.4524 -0.425401 0.0932993
0.0523685 1.4667 -0.438134 0.0860299
0.0914957 1.44457 -0.420812 0.0945958
0.176666 1.52437 -0.505896 0.00902303
0.174158 1.52305 -0.508445 0.00658998
0.176031 1.52149 -0.506005 0.00952936
0.109204 1.28976 -0.272858 0.0713213
0.0686781 1.44712 -0.418744 0.0984081
0.0871022 1.46385 -0.405137 0.0880602
0.0570484 1.42364 -0.468646 0.0487082
0.00331314 1.33279 -0.413074 0.0993194
0.0622703 1.33794 -0.38251 0.114701
0.0756227 1.46436 -0.431798 0.0849884
0.0512636 1.43035 -0.46785 0.0498408
0.0443284 1.43846 -0.470139 0.0501274
0.158244 1.49339 -0.490049 0.0250886
0.0429155 1.45605 -0.461172 0.0643262
0.0476148 1.45879 -0.449885 0.0740673
0.0410342 1.46654 -0.460605 0.069857
0.0957991 1.46455 -0.428345 0.0860339
0.116383 1.44098 -0.452505 0.0675181
0.0855305 1.47903 -0.447614 0.0702719
0.0175171 1.32381 -0.401193 0.10884
0.128515 1.49867 -0.461116 0.0528856
0.0693492 1.44353 -0.423924 0.0934894
0.0626164 1.45254 -0.42443 0.0941607
0.0743862 1.43746 -0.424884 0.0924547
0.124889 1.49726 -0.460487 0.0539078
0.159748 1.52331 -0.504682 0.0131555
0.0703008 1.4537 -0.42147 0.0952688
0.136269 1.50191 -0.43202 0.0629695
0.155153 1.51546 -0.480413 0.0306911
0.126642 1.49505 -0.456517 0.0571892
0.140478 1.5076 -0.446767 0.0539349
0.130691 1.4982 -0.459562 0.0540648
0.129261 1.49697 -0.45802 0.0555573
0.127256 1.49483 -0.455905 0.0576718
0.150378 1.51743 -0.461668 0.0428567
0.0979864 1.4778 -0.443022 0.0715844
0.127042 1.49455 -0.455685 0.0578974
0.00624305 1.33522 -0.407769 0.101452
0.0217557 1.32842 -0.393813 0.112054
0.0109724 1.33933 -0.400142 0.104765
0.0282967 1.33563 -0.383285 0.117576
0.0183308 1.34588 -0.389102 0.110652
0.0989394 1.41718 -0.439076 0.0844774
0.0255639 1.35249 -0.379103 0.117111
0.0261234 1.35301 -0.378392 0.117601
0.0907077 1.41954 -0.42327 0.0927943
0.0925038 1.42253 -0.429782 0.0904871
0.0329096 1.3595 -0.370516 0.123343
0.079374 1.41053 -0.473681 0.0512634
0.00925067 1.3875 -0.261546 0.0909751
0.0473029 1.47983 -0.275359 0.0851372
0.0831129 1.42683 -0.411091 0.102191
0.0818585 1.42899 -0.429715 0.0887524
0.0761545 1.42522 -0.445006 0.0736208
0.070994 1.42154 -0.457441 0.0612597
0.0636861 1.41599 -0.473308 0.0457808
0.151068 1.48862 -0.310331 0.0626917
0.178102 1.52209 -0.50763 0.00845222
0.137439 1.50507 -0.461959 0.0483727
0.145078 1.50856 -0.471636 0.0400583
0.148811 1.51644 -0.45987 0.0445978
0.126493 1.47645 -0.45777 0.0560039
0.171463 1.50838 -0.50253 0.0145151
0.107779 1.47173 -0.432936 0.0799029
0.0850297 1.43052 -0.418362 0.0992029
0.18454 1.52955 -0.510077 0.00668205
0.0870772 1.4493 -0.414023 0.101021
0.0933745 1.45423 -0.40602 0.098383
0.175527 1.51536 -0.505519 0.0109607
0.144036 1.49408 -0.477008 0.0368164
0.151404 1.4888 -0.485571 0.0302022
0.163952 1.52493 -0.477766 0.0284053
0.152432 1.51366 -0.477602 0.0334244
0.171988 1.5077 -0.502502 0.0150999
0.179826 1.53283 -0.49912 0.011349
0.185413 1.53883 -0.506243 0.00573412
0.155806 1.52008 -0.468244 0.0369992
0.156274 1.52041 -0.468864 0.0364608
0.145347 1.45849 -0.482347 0.0431346
0.130143 1.47092 -0.462741 0.0520248
0.140362 1.30116 -0.441964 0.0720292
0.127841 1.4729 -0.459632 0.0545019
0.0785915 1.42024 -0.380813 0.114746
0.0778663 1.4855 -0.400783 0.0661168
0.105482 1.4075 -0.443525 0.0798248
0.0871175 1.42592 -0.375143 0.110025
0.158393 1.50792 -0.272919 0.0433486
0.117024 1.48281 -0.444123 0.0690266
0.113307 1.47886 -0.439572 0.073133
0.108396 1.47259 -0.433669 0.079104
0.17742 1.51982 -0.507581 0.00926448
0.107193 1.41135 -0.450625 0.0787786
0.0802833 1.48795 -0.398885 0.0646976
0.0918528 1.45495 -0.418434 0.0959328
0.160738 1.51567 -0.275774 0.0374953
0.126362 1.48753 -0.408437 0.079424
0.17879 1.51749 -0.509131 0.010037
0.144071 1.35797 -0.288759 0.0868917
0.154357 1.49963 -0.296625 0.0524523
0.183237 1.5263 -0.510441 0.00672352
0.178088 1.52326 -0.507399 0.00822371
0.0754972 1.41315 -0.387159 0.114971
0.0293494 1.48689 -0.328836 0.056528
0.029108 1.48653 -0.329021 0.056758
0.183657 1.52758 -0.51015 0.00653834
0.19149 1.51097 -0.237934 0.0133903
0.02922 1.48462 -0.328365 0.0585516
0.0906015 1.37859 -0.401304 0.0983394
0.185414 1.53205 -0.510661 0.00717531
0.179056 1.52602 -0.507333 0.00765209
0.178184 1.52428 -0.507145 0.00804089
0.188044 1.288 -0.503695 0.0293078
0.181501 1.53242 -0.495848 0.0119283
0.180176 1.53269 -0.498093 0.0115541
0.115708 1.29453 -0.44255 0.0711549
0.162072 1.54331 -0.474219 0.0276999
0.184051 1.53096 -0.509109 0.00717156
0.0604489 1.26595 -0.239423 0.0490568
0.112363 1.49026 -0.258082 0.0633242
0.0310054 1.41501 -0.315595 0.123651
0.0273731 1.42019 -0.311728 0.121006
0.0635387 1.49388 -0.404449 0.0553321
0.151156 1.49125 -0.311152 0.0607433
0.0306153 1.45368 -0.315224 0.0892446
0.0862126 1.37097 -0.392708 0.104609
0.109425 1.28925 -0.27256 0.0710936
0.0265192 1.33093 -0.319279 0.113151
0.198918 1.27403 -0.475593 0.0273428
0.182735 1.44815 -0.259268 0.0470018
0.165455 1.52089 -0.472135 0.0287222
0.170276 1.27709 -0.482571 0.0433426
0.0717631 1.31484 -0.424155 0.0825499
0.154604 1.53995 -0.461377 0.0341514
0.131454 1.49554 -0.422102 0.0699911
0.162233 1.26921 -0.489629 0.0388412
0.162961 1.52436 -0.476332 0.0294852
0.150543 1.53059 -0.456782 0.0384634
0.159207 1.53925 -0.470891 0.0298408
0.179932 1.51988 -0.509807 0.00891287
0.164036 1.26948 -0.484413 0.0434174
0.178986 1.51805 -0.509298 0.00978292
0.183551 1.54043 -0.503644 0.00707333
0.188042 1.53886 -0.51123 0.00356567
0.186464 1.53106 -0.512276 0.00703964
0.184095 1.5313 -0.50644 0.00644978
0.12631 1.48746 -0.408314 0.0795114
0.187901 1.53792 -0.509908 0.00429599
0.187312 1.53735 -0.508398 0.00519323
0.149013 1.29464 -0.453806 0.0641154
0.188944 1.53969 -0.514493 0.00176729
0.188107 1.53829 -0.51072 0.00393179
0.188926 1.53959 -0.514693 0.00176897
0.153565 1.53 -0.464747 0.0357444
0.18827 1.53978 -0.512733 0.00266735
0.168535 1.52711 -0.483536 0.0236512
0.18803 1.53881 -0.511178 0.00360872
0.181361 1.53895 -0.500449 0.00939834
0.15465 1.53185 -0.465937 0.0344612
0.178918 1.53315 -0.495981 0.0135606
0.124733 1.48575 -0.404404 0.081975
0.180768 1.53225 -0.503509 0.00923112
0.180219 1.53655 -0.498041 0.0110896
0.178965 1.53316 -0.49604 0.0135141
0.186211 1.53489 -0.508482 0.00597027
0.148787 1.5164 -0.459811 0.044634
0.12258 1.46816 -0.287429 0.0732668
0.132696 1.49693 -0.424752 0.0681694
0.0964256 1.45695 -0.4042 0.0968123
0.170169 1.52862 -0.486174 0.0215719
0.168783 1.52735 -0.483846 0.0233793
0.163688 1.54477 -0.476534 0.02642
0.164032 1.52868 -0.477723 0.0268304
0.170925 1.5268 -0.48384 0.0218291
0.172887 1.52979 -0.48886 0.0190024
0.174237 1.5306 -0.490194 0.0178183
0.176495 1.53181 -0.493046 0.0158114
0.149244 1.518 -0.460368 0.0435375
0.149461 1.51846 -0.460636 0.0431587
0.147686 1.51519 -0.456769 0.0461732
0.144894 1.51217 -0.450483 0.0501167
0.142053 1.50913 -0.44519 0.0542161
0.143385 1.50449 -0.437716 0.0559747
0.154396 1.51946 -0.466352 0.0385268
0.150541 1.52138 -0.461633 0.04107
0.141941 1.50897 -0.444913 0.0544168
0.138807 1.50469 -0.437068 0.0596205
0.141065 1.50795 -0.442579 0.0559111
0.143585 1.53516 -0.436969 0.0456281
0.116827 1.50447 -0.253584 0.0536789
0.0854493 1.47434 -0.265141 0.0798351
0.161387 1.54274 -0.473402 0.0281838
0.129859 1.49306 -0.417487 0.0729709
0.128719 1.4914 -0.414894 0.0748614
0.127177 1.48872 -0.410741 0.0778737
0.171556 1.53376 -0.265583 0.0228563
0.123792 1.47585 -0.38742 0.089007
0.112278 1.44344 -0.364329 0.0991556
0.0886964 1.42642 -0.373383 0.109481
0.159667 1.52226 -0.472368 0.0329817
0.140021 1.50649 -0.439835 0.0576919
0.149739 1.48978 -0.278611 0.0585974
0.121307 1.47952 -0.393513 0.0885398
0.186382 1.45721 -0.256559 0.0406659
0.0910287 1.31865 -0.295959 0.0891009
0.12352 1.48408 -0.400767 0.0842133
0.125051 1.50463 -0.39771 0.0719789
0.117151 1.47659 -0.395711 0.0891115
0.0278321 1.42013 -0.310872 0.121243
0.096473 1.44316 -0.385939 0.100246
0.170565 1.52966 -0.261257 0.0238044
0.0465345 1.4719 -0.276775 0.0898719
0.123118 1.51597 -0.388566 0.0693241
0.158101 1.49761 -0.271829 0.0499468
0.153998 1.4944 -0.28877 0.0559644
0.0737305 1.41564 -0.38388 0.117825
0.175635 1.41217 -0.274851 0.0697602
0.0774354 1.43997 -0.411542 0.104811
0.11754 1.43752 -0.364786 0.0934164
0.183338 1.45669 -0.257152 0.0422996
0.170162 1.4992 -0.285034 0.041748
0.0740655 1.41649 -0.384869 0.117255
0.047867 1.45675 -0.272423 0.102682
0.0621697 1.41641 -0.384149 0.114117
0.0786945 1.43196 -0.4026 0.108831
0.119211 1.4785 -0.395022 0.0887525
0.13354 1.49187 -0.266927 0.0565904
0.0469318 1.46637 -0.275503 0.0943374
0.136876 1.47096 -0.29187 0.0724346
0.0991561 1.44455 -0.383904 0.0992151
0.156746 1.50312 -0.270969 0.0473503
0.156159 1.51341 -0.245704 0.0364287
0.135989 1.29686 -0.294163 0.0789703
0.173038 1.52627 -0.249671 0.0219932
0.107569 1.46737 -0.398895 0.0918754
0.166319 1.51985 -0.257051 0.0301551
0.0789354 1.4499 -0.416038 0.0994554
0.0877308 1.46215 -0.405537 0.0897964
0.0799808 1.43827 -0.409813 0.106503
0.160459 1.50959 -0.256347 0.0398315
0.1611 1.51708 -0.276233 0.036511
0.157901 1.49757 -0.271984 0.0501482
0.133241 1.50959 -0.249747 0.0463825
0.160719 1.51066 -0.254848 0.0389452
0.150642 1.51504 -0.24529 0.0371277
0.149258 1.48906 -0.279226 0.0591952
0.109142 1.43866 -0.362031 0.101596
0.145244 1.52164 -0.24175 0.0342022
0.0891941 1.42721 -0.373886 0.108963
0.108697 1.46298 -0.39344 0.0926487
0.129667 1.46831 -0.374 0.0907892
0.0691552 1.39924 -0.353518 0.130896
0.127024 1.47109 -0.38016 0.0900863
0.127637 1.4703 -0.378772 0.0903204
0.129359 1.47197 -0.374521 0.0883122
0.129493 1.46838 -0.374529 0.0908592
0.129426 1.47131 -0.374393 0.0887423
0.020164 1.50394 -0.344849 0.0370575
0.105279 1.46132 -0.396179 0.0936381
0.0167871 1.43108 -0.322769 0.107942
0.0959326 1.4557 -0.403584 0.0972403
0.0876184 1.43819 -0.393265 0.104196
0.104889 1.46038 -0.39572 0.0939206
0.139909 1.48661 -0.276404 0.05998
0.0425464 1.46082 -0.284859 0.0941656
0.164005 1.51373 -0.250149 0.0344626
0.0427279 1.44882 -0.281691 0.105063
0.19039 1.50079 -0.241747 0.0173242
0.0334126 1.46893 -0.31342 0.0762811
0.0396443 1.44127 -0.285988 0.109403
0.0283522 1.42013 -0.309591 0.121486
0.0248296 1.41896 -0.29533 0.116008
0.126679 1.4553 -0.302401 0.0844364
0.0856014 1.43696 -0.395084 0.105217
0.0177542 1.4225 -0.322121 0.11569
0.0181647 1.42209 -0.322246 0.115943
0.0309177 1.40886 -0.328437 0.124575
0.0333267 1.40648 -0.329361 0.126435
0.0377743 1.40143 -0.33414 0.12984
0.044016 1.39404 -0.342241 0.135342
0.0483317 1.38853 -0.349759 0.139825
0.0453854 1.39058 -0.354047 0.137098
0.0490518 1.38764 -0.350915 0.140613
0.0425505 1.39635 -0.338333 0.13384
0.102549 1.48397 -0.260914 0.0696078
0.0319001 1.4144 -0.315037 0.124196
0.0641231 1.39571 -0.356417 0.134155
0.0684512 1.39877 -0.353892 0.13135
0.086646 1.42512 -0.374601 0.110544
0.102255 1.48936 -0.394037 0.0725538
0.0934687 1.47104 -0.400988 0.0835751
0.158505 1.51604 -0.291302 0.0395329
0.182685 1.44388 -0.260731 0.0494742
0.181342 1.45997 -0.258096 0.0411945
0.156957 1.51803 -0.299066 0.040112
0.156245 1.51036 -0.29598 0.0444234
0.154098 1.49493 -0.289036 0.0555409
0.155202 1.5019 -0.292311 0.0501889
0.0792363 1.48912 -0.262784 0.0725053
0.161943 1.52044 -0.277834 0.0343417
0.151396 1.50719 -0.315844 0.0502997
0.121579 1.49607 -0.255901 0.0581587
0.0981776 1.47788 -0.265951 0.0733107
0.154484 1.49475 -0.283136 0.0551339
0.14554 1.48843 -0.333947 0.0668821
0.160315 1.52798 -0.29494 0.0338862
0.173611 1.39296 -0.283543 0.0812781
0.184431 1.46778 -0.253561 0.035548
0.154983 1.4974 -0.284964 0.0530343
0.156876 1.50688 -0.288283 0.0456392
0.152201 1.48975 -0.305896 0.0610865
0.165352 1.51949 -0.258267 0.0310873
0.163685 1.52885 -0.283005 0.0303871
0.162368 1.5222 -0.278973 0.0333533
0.173036 1.4683 -0.263538 0.041225
0.0207101 1.47742 -0.248707 0.0785993
0.052371 1.4583 -0.271843 0.100152
0.163966 1.51654 -0.257278 0.0335784
0.135097 1.39831 -0.309902 0.0934018
0.176072 1.53199 -0.253137 0.018712
0.157262 1.5137 -0.245493 0.035775
0.159471 1.40411 -0.290201 0.079182
0.129536 1.4952 -0.260639 0.0556107
0.16196 1.51587 -0.243911 0.0324111
0.0428439 1.44691 -0.281291 0.106748
0.143509 1.477 -0.338898 0.0761535
0.100487 1.42146 -0.32883 0.113136
0.164225 1.52523 -0.237075 0.02417
0.153225 1.49185 -0.300268 0.0587566
0.0200523 1.46359 -0.251854 0.0884259
0.0232339 1.42044 -0.289849 0.113921
0.00408285 1.29209 -0.335041 0.100133
0.211896 1.24382 -0.242872 0.0164916
0.193709 1.48202 -0.24799 0.0237928
0.0890998 1.44807 -0.296059 0.0912739
0.183169 1.45825 -0.256986 0.0416179
0.195166 1.52773 -0.231059 0.00610772
0.195373 1.52587 -0.233307 0.00618014
0.195093 1.52597 -0.233313 0.00630228
0.195115 1.52605 -0.23323 0.00627743
0.190147 1.50056 -0.2421 0.0176902
0.160963 1.51086 -0.254461 0.0386116
0.191986 1.52079 -0.237124 0.009687
0.194693 1.52509 -0.234119 0.00655725
0.194941 1.5256 -0.233616 0.00639609
0.190575 1.47284 -0.250969 0.0299539
0.144705 1.3576 -0.287956 0.0866338
0.108373 1.33421 -0.27006 0.0659171
0.185676 1.48383 -0.250236 0.0274606
0.155235 1.4967 -0.274072 0.0528604
0.106776 1.48116 -0.266061 0.0686981
0.182936 1.51788 -0.23362 0.013641
0.182395 1.51797 -0.233407 0.0138569
0.185824 1.48249 -0.250309 0.0278475
0.157764 1.50386 -0.265027 0.0455501
0.190202 1.51465 -0.233182 0.00929797
0.12957 1.50076 -0.253182 0.0530152
0.133646 1.50314 -0.252143 0.0506199
0.0196967 1.32412 -0.311531 0.107658
0.1551 1.4958 -0.28031 0.0539351
0.139887 1.44056 -0.374614 0.0729734
0.118088 1.49388 -0.256763 0.0601916
0.164573 1.49992 -0.265934 0.0431198
0.031415 1.415 -0.271227 0.0946526
0.184671 1.47173 -0.252618 0.0334221
0.116108 1.49241 -0.257329 0.0613992
0.134206 1.43782 -0.371833 0.0775898
0.0509715 1.38455 -0.350172 0.141654
0.0692991 1.46583 -0.268728 0.0899596
0.19597 1.51199 -0.231865 0.00759114
0.191343 1.51071 -0.238067 0.0135198
0.0398279 1.44668 -0.275986 0.105826
0.0997241 1.3096 -0.285387 0.0828856
0.129577 1.46824 -0.374284 0.0909008
0.0339943 1.45724 -0.261666 0.0967872
0.113072 1.40062 -0.324309 0.106234
0.034301 1.51039 -0.250032 0.0676252
0.171588 1.34873 -0.271761 0.0742673
0.0390558 1.45572 -0.265516 0.0997186
0.00368671 1.37833 -0.248848 0.0841503
0.0156986 1.39895 -0.278411 0.102172
0.131232 1.35082 -0.295891 0.0907031
0.110739 1.50325 -0.254743 0.0557555
0.0376786 1.40398 -0.327308 0.129368
0.046947 1.45619 -0.271708 0.102665
0.0367249 1.37876 -0.325302 0.122602
0.0664927 1.4646 -0.269415 0.0917646
0.0219553 1.46358 -0.244165 0.0820445
0.0231621 1.42026 -0.289732 0.113794
0.0435378 1.45399 -0.269342 0.102812
0.0507664 1.3867 -0.349946 0.141807
0.0343887 1.41048 -0.319337 0.126127
0.0321877 1.42646 -0.299884 0.117803
0.0227982 1.39197 -0.296786 0.108223
0.150279 1.38969 -0.305938 0.0876623
0.103089 1.48424 -0.260778 0.0692765
0.0468452 1.4292 -0.255491 0.0822504
0.03184 1.50113 -0.250528 0.0697472
0.0301691 1.45852 -0.258854 0.0946826
0.0274988 1.45911 -0.257205 0.0934739
0.0957967 1.41515 -0.451484 0.0741398
0.0256339 1.45984 -0.255986 0.0924514
0.105492 1.39652 -0.32667 0.109457
0.0200892 1.46442 -0.251676 0.0878137
0.02123 1.46279 -0.25284 0.0893305
0.043933 1.34818 -0.338314 0.128966
0.0415159 1.33678 -0.3617 0.128171
0.0975281 1.44328 -0.304311 0.0939243
0.041629 1.4448 -0.282909 0.107767
0.0415858 1.44484 -0.282785 0.107739
0.0501552 1.36639 -0.346803 0.137277
0.100744 1.4777 -0.246394 0.0612219
0.0957282 1.47983 -0.262714 0.0739111
0.0919271 1.48503 -0.262006 0.0713556
0.0924996 1.47824 -0.263386 0.0756343
0.0947454 1.47936 -0.262968 0.0744562
0.0959964 1.49376 -0.259322 0.0650184
0.0970995 1.48075 -0.262298 0.0729933
0.101225 1.48322 -0.26135 0.0704615
0.153706 1.49372 -0.293339 0.0568567
0.107972 1.43749 -0.314558 0.0992605
0.171366 1.3933 -0.28367 0.0820973
0.205649 1.2555 -0.246448 0.0254607
0.0764956 1.46968 -0.266834 0.0852063
0.0813789 1.472 -0.265878 0.0823554
0.0801808 1.47147 -0.266064 0.0830232
0.191868 1.51155 -0.237146 0.0126396
0.06294 1.46309 -0.27048 0.0940305
0.0658359 1.46428 -0.26962 0.0922062
0.108867 1.43429 -0.317989 0.102184
0.0496624 1.45741 -0.272142 0.101649
0.0473901 1.45562 -0.273618 0.103088
0.191209 1.50312 -0.240287 0.0154563
0.155698 1.50056 -0.269773 0.0495549
0.187223 1.51452 -0.240796 0.0169102
0.154361 1.49473 -0.285132 0.0553408
0.188979 1.50263 -0.243249 0.018034
0.135173 1.50388 -0.251948 0.0498498
0.191571 1.49982 -0.24165 0.0168164
0.135921 1.50445 -0.251779 0.0493488
0.17021 1.5089 -0.252767 0.0320467
0.168167 1.50089 -0.262706 0.0396601
0.140462 1.50716 -0.249465 0.0456321
0.144459 1.50919 -0.248082 0.0429016
0.150346 1.51162 -0.247029 0.0397504
0.153609 1.51252 -0.246748 0.0382507
0.152668 1.51234 -0.247032 0.0388188
0.155624 1.51165 -0.249909 0.0385447
0.160408 1.50943 -0.256555 0.0399644
0.160162 1.50859 -0.257918 0.0406967
0.168222 1.50416 -0.25868 0.0371575
0.165614 1.50553 -0.258531 0.0381479
0.183285 1.46003 -0.256598 0.0406214
0.192564 1.50705 -0.237325 0.0126813
0.149039 1.48536 -0.319992 0.0666373
0.155588 1.49886 -0.271726 0.0509756
0.170707 1.50295 -0.258814 0.0363433
0.171517 1.50351 -0.257739 0.0352829
0.172091 1.50387 -0.257185 0.034595
0.174814 1.50534 -0.254582 0.0314511
0.184486 1.50958 -0.24755 0.0221465
0.175948 1.50592 -0.253768 0.03024
0.187908 1.49852 -0.243606 0.0196544
0.186717 1.49464 -0.245103 0.0217351
0.186062 1.49395 -0.245766 0.0224922
0.14761 1.48283 -0.328347 0.0701532
0.155285 1.49671 -0.274454 0.0528558
0.145724 1.47988 -0.333269 0.0731805
0.153772 1.49383 -0.292896 0.0567287
0.153583 1.49291 -0.297036 0.0576786
0.0945676 1.41532 -0.340978 0.117501
0.149664 1.48968 -0.278703 0.0586894
0.158596 1.49779 -0.271951 0.0494918
0.118877 1.44243 -0.312703 0.095211
0.169196 1.50116 -0.274269 0.0401161
0.164525 1.49748 -0.285077 0.046485
0.122589 1.41308 -0.35149 0.0891901
0.145896 1.48508 -0.281689 0.0620969
0.178836 1.50611 -0.259832 0.0289689
0.170312 1.50267 -0.259325 0.0368395
0.170528 1.5028 -0.259061 0.0365841
0.170372 1.50271 -0.259236 0.0367655
0.185505 1.49194 -0.247109 0.0237577
0.184993 1.49001 -0.248078 0.0248432
0.174363 1.42491 -0.272131 0.0624404
0.149891 1.48667 -0.316889 0.0650964
0.164318 1.2929 -0.373655 0.0611022
0.180753 1.43322 -0.265144 0.0563581
0.0997168 1.42372 -0.349833 0.110827
0.160724 1.40643 -0.370177 0.0490637
0.188432 1.48297 -0.249447 0.0261178
0.188032 1.48307 -0.249574 0.0263166
0.100735 1.4217 -0.328618 0.112925
0.210315 1.25428 -0.272747 0.0194315
0.162622 1.49696 -0.284449 0.0480477
0.15438 1.49473 -0.283963 0.0552585
0.152035 1.49212 -0.281333 0.0569167
0.154001 1.49438 -0.289071 0.055997
0.146055 1.48051 -0.332179 0.0725502
0.18825 1.48294 -0.249518 0.0262432
0.193844 1.25746 -0.251453 0.0293505
0.130572 1.46163 -0.297846 0.0793986
0.132389 1.46452 -0.296155 0.0772777
0.15313 1.48152 -0.33388 0.0673611
0.144446 1.4829 -0.282768 0.0634544
0.171751 1.39692 -0.282246 0.0798418
0.161387 1.40258 -0.289098 0.0792991
0.136519 1.47024 -0.29242 0.0729661
0.135678 1.45182 -0.374821 0.0799116
0.118831 1.43891 -0.36576 0.0923546
0.138693 1.47304 -0.294184 0.070764
0.169021 1.44641 -0.27186 0.0529226
0.139573 1.47531 -0.28806 0.0688348
0.126153 1.45448 -0.303132 0.0851255
0.0343274 1.4106 -0.319197 0.126075
0.17108 1.39174 -0.284264 0.083037
0.171299 1.39272 -0.283863 0.082443
0.126407 1.45485 -0.302815 0.0848211
0.14548 1.47944 -0.333885 0.0735796
0.094328 1.41423 -0.334356 0.118844
0.118899 1.44247 -0.312667 0.0951753
0.148771 1.48475 -0.321533 0.0673246
0.170716 1.38857 -0.285538 0.0848756
0.170324 1.3854 -0.286605 0.0866341
0.110505 1.43308 -0.31989 0.103567
0.148392 1.41062 -0.297136 0.0811943
0.159064 1.39995 -0.29151 0.0813855
0.112111 1.43205 -0.318933 0.102239
0.111958 1.43504 -0.3187 0.102083
0.137059 1.47251 -0.356517 0.0836426
0.139187 1.47451 -0.350117 0.0808257
0.139208 1.47453 -0.350068 0.080802
0.136302 1.47027 -0.346264 0.0813383
0.143259 1.4768 -0.339537 0.0764271
0.13948 1.4747 -0.349208 0.0804405
0.112166 1.43529 -0.318533 0.101877
0.136874 1.42255 -0.303479 0.0842961
0.13865 1.47023 -0.334699 0.0780293
0.117192 1.44024 -0.314623 0.0972134
0.155189 1.36591 -0.28464 0.0854756
0.136903 1.3622 -0.296779 0.0896893
0.152185 1.43751 -0.337154 0.0609654
0.147358 1.37054 -0.293404 0.087673
0.112265 1.42285 -0.354417 0.09827
0.130486 1.43537 -0.369509 0.0806603
0.211986 1.24384 -0.23331 0.0166912
0.121562 1.42193 -0.358147 0.0888357
0.114085 1.41393 -0.348086 0.097848
0.105662 1.42662 -0.3251 0.108749
0.132084 1.4656 -0.353213 0.0854217
0.143875 1.47314 -0.359368 0.0786819
0.136499 1.47194 -0.357796 0.08433
0.13571 1.47163 -0.359595 0.0849553
0.133894 1.47083 -0.364656 0.0866109
0.119846 1.45444 -0.369538 0.0944853
0.202184 1.2413 -0.2308 0.0159712
0.155941 1.25707 -0.237499 0.0333169
0.150749 1.28698 -0.286107 0.0663471
0.0293178 1.42029 -0.306557 0.121922
0.0704265 1.32917 -0.399878 0.100177
0.025246 1.42542 -0.294666 0.117885
0.212999 1.25205 -0.235577 0.0182421
0.0777824 1.35071 -0.336765 0.123
0.165155 1.35852 -0.27598 0.0807899
0.184775 1.27419 -0.321454 0.040447
0.0406682 1.34968 -0.333915 0.125573
0.141349 1.30023 -0.443339 0.0710585
0.0435061 1.39578 -0.337921 0.134517
0.065703 1.31958 -0.298883 0.0893426
0.035807 1.33903 -0.331582 0.1209
0.0511414 1.32745 -0.39856 0.102983
0.164412 1.35974 -0.276378 0.081561
0.026594 1.32148 -0.342259 0.11332
0.0502437 1.36657 -0.346942 0.137406
0.0453251 1.3708 -0.339636 0.132028
0.0316452 1.42524 -0.30112 0.118596
0.076037 1.41248 -0.388056 0.114155
0.122997 1.30103 -0.435081 0.0764314
0.0276193 1.42915 -0.29051 0.11537
0.0319264 1.41498 -0.313544 0.124056
0.189673 1.29871 -0.257807 0.0446887
0.196766 1.26018 -0.25353 0.0313528
0.196689 1.26023 -0.253607 0.0314078
0.0329982 1.41297 -0.316166 0.124967
0.194122 1.29048 -0.254971 0.0393184
-0.00459386 1.29361 -0.318768 0.095579
0.118782 1.30637 -0.430524 0.0788176
0.0360589 1.35462 -0.327041 0.120585
0.0247725 1.42623 -0.292584 0.117144
0.0264704 1.4234 -0.299134 0.119381
0.0425329 1.38949 -0.237684 0.0571286
0.0528113 1.40018 -0.235406 0.0543583
0.120138 1.34689 -0.265696 0.062127
0.0384255 1.38247 -0.233198 0.0545271
0.0279889 1.42876 -0.291912 0.115883
0.0250054 1.42596 -0.293547 0.117518
0.0193873 1.40163 -0.273044 0.0976578
0.0176652 1.34758 -0.302161 0.102939
0.0279366 1.42881 -0.291758 0.115837
0.0264418 1.42734 -0.292704 0.116691
0.0166356 1.40287 -0.278594 0.103408
0.0121169 1.37369 -0.235057 0.0699349
0.0391853 1.42257 -0.265205 0.0895834
0.0468464 1.41793 -0.25186 0.0750747
0.207539 1.24348 -0.233002 0.016288
0.0372056 1.37978 -0.326056 0.123307
0.0455421 1.37125 -0.339977 0.132344
0.146884 1.39667 -0.335666 0.0745317
0.0526264 1.36426 -0.350135 0.139827
0.0900483 1.42059 -0.440797 0.0808569
0.0172899 1.402 -0.280964 0.104118
0.0159504 1.38375 -0.250478 0.0787684
0.0250532 1.39875 -0.263814 0.087142
0.127121 1.35351 -0.300622 0.0928392
0.000680334 1.3798 -0.254938 0.0899079
0.030495 1.38681 -0.313797 0.116754
0.0346523 1.3404 -0.326723 0.119765
0.0239267 1.39419 -0.298577 0.109757
0.0150038 1.39967 -0.276021 0.101442
0.0297384 1.38529 -0.312603 0.115673
0.0259418 1.37868 -0.307423 0.1108
0.0525932 1.36419 -0.350082 0.139779
0.0251143 1.33909 -0.314813 0.110759
0.046482 1.34549 -0.361864 0.133458
0.00483405 1.29169 -0.337184 0.100508
0.0299843 1.34534 -0.319769 0.114742
0.0282177 1.36327 -0.313811 0.112138
0.0222595 1.35376 -0.306755 0.106539
0.0216458 1.3707 -0.301648 0.105942
0.0157393 1.36104 -0.29471 0.100577
0.0212864 1.37112 -0.30089 0.105586
0.014918 1.36199 -0.29298 0.0998071
0.0150378 1.3787 -0.28612 0.0995123
0.00882277 1.3693 -0.278609 0.0943887
0.114102 1.2797 -0.267498 0.0678619
0.21722 1.2394 -0.227117 0.012655
0.00854874 1.38695 -0.268481 0.0951056
0.00225258 1.37756 -0.260802 0.090758
-0.00983373 1.36374 -0.248938 0.0855367
-0.00908087 1.36362 -0.250501 0.0856769
0.0212218 1.32618 -0.313721 0.109379
-0.00275161 1.36067 -0.263818 0.0873956
0.0132867 1.35266 -0.294003 0.0988228
0.141622 1.35602 -0.289832 0.0873498
0.00433591 1.36352 -0.274023 0.0914393
0.0386842 1.33473 -0.3532 0.124605
0.146851 1.31595 -0.286608 0.0720199
0.0339321 1.32511 -0.357964 0.120714
0.17178 1.34847 -0.271619 0.0740782
0.169955 1.34832 -0.254471 0.0611928
0.224695 1.24128 -0.218406 0.00769602
-0.00444033 1.37508 -0.247839 0.0876724
-0.0125787 1.34917 -0.246298 0.0787578
-0.0059038 1.37404 -0.245866 0.0871459
0.134792 1.30454 -0.331635 0.0750076
0.0204813 1.33395 -0.310695 0.107372
0.103481 1.32773 -0.265587 0.0628252
0.113578 1.3279 -0.307021 0.0984679
-0.00241496 1.37162 -0.256035 0.0883188
-0.0021873 1.37188 -0.256237 0.0884326
0.0010182 1.35978 -0.271083 0.0895208
0.00100015 1.35978 -0.271051 0.0895094
0.010616 1.32919 -0.294207 0.0952756
0.115102 1.27744 -0.266416 0.0672604
0.124742 1.31425 -0.321118 0.0844938
0.0975631 1.31457 -0.256252 0.0585874
0.0976964 1.31497 -0.256826 0.0589178
0.103877 1.32718 -0.269184 0.0661955
0.10855 1.3337 -0.272458 0.0682119
0.120807 1.34614 -0.270604 0.0667083
0.0223968 1.31266 -0.347144 0.110611
0.145005 1.25726 -0.251583 0.0481459
0.102882 1.28064 -0.258593 0.0674659
0.0295352 1.33418 -0.321447 0.115486
0.20441 1.24226 -0.231704 0.015867
0.110025 1.31641 -0.421026 0.0850487
0.175263 1.34278 -0.268976 0.0703205
0.176061 1.34109 -0.26835 0.0693291
0.177532 1.33866 -0.26745 0.0678179
0.100576 1.28175 -0.257689 0.0676678
0.189033 1.26218 -0.273265 0.0340605
0.205026 1.25348 -0.253909 0.0247059
0.204951 1.25358 -0.2537 0.0247966
0.199856 1.25671 -0.288106 0.0282378
0.229042 1.2453 -0.216997 0.00474398
0.0308506 1.33547 -0.322866 0.11657
0.224083 1.24158 -0.218799 0.0079943
0.145733 1.29694 -0.44959 0.0669078
0.111704 1.27567 -0.259349 0.0649715
0.2001 1.25652 -0.287507 0.0280117
0.198053 1.26328 -0.30956 0.0332229
0.211091 1.24462 -0.234523 0.0174331
0.141423 1.28559 -0.456855 0.0625097
0.199371 1.25856 -0.295638 0.0297332
0.20073 1.25568 -0.28141 0.0270562
0.0358838 1.31442 -0.426374 0.0880273
0.201337 1.25452 -0.278579 0.026445
0.103734 1.33638 -0.315489 0.105421
0.0846447 1.36835 -0.390081 0.106674
0.219256 1.23789 -0.223898 0.0116374
0.190088 1.26371 -0.258679 0.0356283
0.111968 1.32759 -0.316362 0.0973527
0.198673 1.2558 -0.443315 0.0195071
0.120189 1.28649 -0.277344 0.0708849
0.0545384 1.29325 -0.268848 0.0654646
0.124295 1.2933 -0.284838 0.0747315
0.197234 1.26421 -0.311751 0.0341451
0.215191 1.23938 -0.225757 0.0118856
0.21091 1.23949 -0.224189 0.0116176
0.211631 1.24221 -0.229702 0.0141601
0.20912 1.2487 -0.239248 0.0202625
0.0937207 1.33539 -0.397037 0.103332
0.0584494 1.38712 -0.354067 0.139011
0.125151 1.31374 -0.300438 0.0883541
0.0356599 1.32668 -0.361449 0.122542
0.00559844 1.29609 -0.332583 0.100593
0.100703 1.32499 -0.410856 0.0922825
0.157902 1.28149 -0.280056 0.060541
0.00889967 1.30374 -0.327438 0.101727
0.204946 1.25375 -0.25335 0.0248437
0.204508 1.25308 -0.258221 0.0245428
0.106184 1.32026 -0.416845 0.0880531
0.100282 1.31085 -0.286899 0.0838812
0.145658 1.38981 -0.304186 0.0914621
0.131514 1.3109 -0.392374 0.0787259
0.116438 1.28292 -0.271986 0.0691278
0.0209022 1.30916 -0.348893 0.109641
0.111097 1.29281 -0.276875 0.0729981
0.127059 1.27149 -0.271706 0.0664113
0.0352862 1.33975 -0.327575 0.120403
0.117219 1.28133 -0.271281 0.0686077
0.13379 1.30379 -0.314216 0.0776889
0.114081 1.29743 -0.282559 0.0757852
0.00908255 1.29057 -0.347167 0.102802
0.119748 1.28736 -0.277715 0.0712277
0.136845 1.29796 -0.304833 0.0762577
0.198531 1.26198 -0.304456 0.031871
0.102635 1.31578 -0.292512 0.087777
0.136594 1.30299 -0.333357 0.0735728
0.136467 1.29944 -0.308032 0.0763064
0.119109 1.32031 -0.314703 0.0909611
0.121416 1.37163 -0.311027 0.0970748
0.0997611 1.32674 -0.364657 0.0994393
0.125516 1.31307 -0.304287 0.0871461
0.125983 1.31246 -0.304913 0.086547
0.20225 1.25365 -0.27401 0.0256234
0.215024 1.25345 -0.2654 0.0156871
0.13765 1.3043 -0.358298 0.0719266
0.0344411 1.32496 -0.360227 0.121317
0.206025 1.25346 -0.253933 0.0238115
0.0351912 1.32671 -0.359327 0.121969
0.0395879 1.33589 -0.35414 0.125556
0.0482758 1.35229 -0.344037 0.133683
0.133071 1.3031 -0.30418 0.0799665
0.136177 1.30293 -0.330562 0.073912
0.136001 1.30165 -0.316575 0.0755089
0.104211 1.32491 -0.301099 0.0953621
0.100872 1.31834 -0.294068 0.0897757
0.161642 1.27752 -0.276594 0.0573698
0.135993 1.30075 -0.312574 0.0759626
0.119502 1.31924 -0.325202 0.0883592
0.0126601 1.30278 -0.33849 0.104129
0.0980281 1.3128 -0.287593 0.0852442
0.104786 1.32567 -0.301986 0.0960697
0.0108845 1.2983 -0.341077 0.103347
0.00457142 1.29187 -0.336446 0.100399
0.0161184 1.31862 -0.316555 0.105875
0.0171456 1.32053 -0.315047 0.106591
-0.00691285 1.29111 -0.313401 0.0922225
0.00155611 1.29282 -0.329622 0.0987882
0.00259334 1.29264 -0.331339 0.0993702
0.00315223 1.29394 -0.330664 0.0995521
0.00700873 1.30205 -0.326003 0.100808
0.0163953 1.32119 -0.306431 0.103868
0.0164655 1.32126 -0.306552 0.103958
0.0193791 1.32373 -0.311065 0.107302
0.0438289 1.30275 -0.281707 0.0753886
0.0152968 1.31785 -0.315992 0.105381
0.0158178 1.31876 -0.315363 0.105726
0.0146296 1.31734 -0.315615 0.104946
-0.00444689 1.29379 -0.318751 0.0956253
0.00180519 1.30192 -0.317091 0.0977069
0.00879714 1.31267 -0.296171 0.0949524
0.0143717 1.31914 -0.303508 0.101468
0.0145005 1.31929 -0.303716 0.101639
0.00805729 1.30967 -0.316011 0.100807
0.0431338 1.27009 -0.281079 0.0437331
0.0127557 1.28299 -0.319139 0.0812125
0.131887 1.37996 -0.307669 0.0938497
0.138538 1.29561 -0.292791 0.0769401
0.136005 1.29686 -0.294519 0.0788719
0.0940752 1.3602 -0.400682 0.0982376
0.00189521 1.28422 -0.39151 0.0934274
0.189247 1.30165 -0.507366 0.0335156
0.156647 1.29533 -0.368788 0.0631713
0.0564415 1.34856 -0.36206 0.132618
0.0148272 1.32112 -0.4064 0.106661
0.00280135 1.2704 -0.391679 0.0856602
0.0960617 1.36387 -0.404088 0.0956312
0.052615 1.35796 -0.349826 0.138909
0.0440173 1.34192 -0.359002 0.130496
0.0606111 1.3531 -0.359533 0.134606
0.128231 1.30976 -0.307763 0.0837924
0.0994749 1.31919 -0.365211 0.0924443
0.131145 1.3105 -0.387643 0.0783128
0.171945 1.28712 -0.369544 0.0590231
0.111124 1.25884 -0.369022 0.0350896
0.132501 1.30822 -0.368932 0.0755793
0.113897 1.32527 -0.318768 0.0948938
0.119089 1.29335 -0.37152 0.0633866
0.140387 1.30316 -0.364045 0.0704331
0.128236 1.31094 -0.380351 0.0790277
0.143141 1.39082 -0.305905 0.0922064
0.110053 1.33156 -0.308575 0.101486
0.131687 1.30386 -0.296137 0.0825777
0.124472 1.29357 -0.285139 0.0749096
0.131623 1.27793 -0.27926 0.0687983
0.13633 1.27544 -0.280998 0.0685637
0.118518 1.30409 -0.290184 0.0804248
0.0953416 1.33159 -0.310642 0.100841
0.106434 1.3233 -0.300556 0.0941076
0.110566 1.33104 -0.308306 0.101048
0.108194 1.33316 -0.310846 0.102711
0.197801 1.25951 -0.252682 0.0305987
0.203347 1.25321 -0.266556 0.0247983
0.179775 1.26831 -0.266127 0.0430357
0.136677 1.29724 -0.301593 0.0768649
0.150001 1.28734 -0.285695 0.067139
0.136176 1.28416 -0.286028 0.0720658
0.143347 1.29206 -0.289444 0.0726346
0.136364 1.29674 -0.297103 0.0779764
0.057898 1.3149 -0.36271 0.103665
0.164412 1.28631 -0.324869 0.0521831
0.136753 1.29677 -0.299902 0.0770828
0.20467 1.25302 -0.25784 0.024452
0.110463 1.32128 -0.356984 0.0909827
0.133818 1.27233 -0.390041 0.0414778
0.166352 1.28988 -0.368937 0.0600467
0.0452648 1.34426 -0.363309 0.132348
0.0683782 1.34407 -0.375274 0.120761
0.130231 1.31398 -0.41586 0.0842037
0.131885 1.31427 -0.413301 0.0834978
0.0997338 1.34501 -0.404383 0.0962179
0.104324 1.35257 -0.410814 0.0909729
0.0964271 1.34745 -0.401355 0.0984049
0.100782 1.35501 -0.407536 0.0932974
0.0510819 1.34232 -0.36988 0.126153
0.112218 1.36354 -0.314637 0.100913
0.199018 1.25948 -0.298818 0.0304201
0.167009 1.26397 -0.265594 0.0463677
0.134438 1.30542 -0.340579 0.0747111
0.13907 1.30223 -0.344483 0.0713784
0.133353 1.30628 -0.339573 0.0755314
0.137169 1.30267 -0.336867 0.0729164
0.137299 1.30041 -0.336524 0.0708075
0.137123 1.30269 -0.336689 0.0729595
0.170317 1.27342 -0.271663 0.0504911
0.155591 1.27167 -0.27388 0.0569355
0.173056 1.27162 -0.269836 0.0482017
0.163594 1.27649 -0.275201 0.0557782
0.162753 1.27687 -0.275735 0.0564713
0.199969 1.25626 -0.300273 0.0279172
0.175174 1.27063 -0.283697 0.0439818
0.179468 1.26768 -0.269188 0.0425603
0.18511 1.26456 -0.270396 0.0375791
0.124113 1.30419 -0.374886 0.0730449
0.210702 1.25682 -0.241885 0.0228625
0.194243 1.24227 -0.233742 0.0191517
0.208597 1.25623 -0.243749 0.0239005
0.187222 1.26406 -0.283933 0.0347893
0.207332 1.24482 -0.234433 0.0170159
0.208821 1.24912 -0.239866 0.0206363
0.201823 1.25782 -0.24972 0.0279558
0.199339 1.25894 -0.251403 0.0295427
0.20189 1.25034 -0.295495 0.0236926
0.202936 1.25343 -0.272252 0.0252066
0.204215 1.25293 -0.264244 0.0243091
0.20293 1.25368 -0.270153 0.0251879
0.206917 1.25387 -0.244398 0.0240301
0.210094 1.25685 -0.242512 0.0232394
0.210107 1.24655 -0.236283 0.018605
0.199203 1.2581 -0.292115 0.0293339
0.131431 1.36549 -0.302232 0.0921054
0.215329 1.24134 -0.229584 0.0139073
0.215597 1.24112 -0.229337 0.0137432
0.209959 1.24685 -0.236604 0.018812
0.201814 1.26875 -0.496483 0.0201108
0.212073 1.25623 -0.518833 0.00878529
0.197236 1.26941 -0.49707 0.0232024
0.190346 1.26923 -0.501751 0.0281713
0.190511 1.26906 -0.502004 0.027974
0.181464 1.27569 -0.49181 0.0365697
0.202601 1.26167 -0.470255 0.0167918
0.203537 1.2629 -0.477919 0.0162152
0.206373 1.26711 -0.500928 0.0160445
0.212517 1.25562 -0.518967 0.00848424
0.20134 1.26903 -0.494838 0.0207566
0.199651 1.27151 -0.487398 0.0235353
0.204981 1.26465 -0.493792 0.0154882
0.203916 1.26705 -0.500767 0.017809
0.201942 1.26929 -0.493547 0.0206182
0.199084 1.27186 -0.484985 0.024531
0.199632 1.27211 -0.483424 0.0246526
0.204319 1.26667 -0.501306 0.017402
0.210855 1.2597 -0.514627 0.0104475
0.210145 1.25811 -0.517631 0.0105433
0.210374 1.25777 -0.517791 0.0103024
0.21126 1.25861 -0.500964 0.00794313
0.141608 1.374 -0.299136 0.0897265
0.0669189 1.39501 -0.345494 0.134765
0.185559 1.26963 -0.498468 0.030803
0.122108 1.35685 -0.305749 0.0954201
0.187152 1.2718 -0.498222 0.0311181
0.0813768 1.34517 -0.342763 0.118129
0.11138 1.32212 -0.349586 0.0909986
0.0632158 1.39272 -0.347425 0.137179
0.125992 1.3131 -0.424035 0.0848408
0.0415751 1.31907 -0.415093 0.093277
0.0489291 1.37553 -0.353535 0.138597
0.123201 1.31458 -0.340551 0.0828505
0.15074 1.30142 -0.381214 0.0668796
0.150463 1.33184 -0.464212 0.0561788
0.106958 1.33148 -0.320693 0.100725
0.19744 1.27536 -0.470242 0.0297474
0.18781 1.28753 -0.503258 0.0294047
0.198336 1.27351 -0.478665 0.0267681
0.198685 1.27324 -0.480377 0.0261613
0.178601 1.27763 -0.48808 0.0392307
0.178038 1.27783 -0.487482 0.0396906
0.177735 1.27033 -0.49312 0.0356329
0.108612 1.32944 -0.322969 0.0985571
0.114636 1.34911 -0.309239 0.0988557
0.113889 1.32367 -0.329649 0.0922266
0.157524 1.32789 -0.473389 0.0511964
0.0767497 1.41352 -0.38993 0.112981
0.0939931 1.41434 -0.339661 0.118361
0.149022 1.38886 -0.301753 0.0904407
0.153223 1.38937 -0.30605 0.0857657
0.0580597 1.31018 -0.434096 0.0786093
0.0464806 1.34549 -0.361866 0.133456
0.0519153 1.3138 -0.427048 0.0836797
0.151089 1.35867 -0.425703 0.0516264
0.123617 1.31281 -0.374526 0.08153
0.129103 1.2978 -0.38104 0.0660886
0.139549 1.30198 -0.346013 0.070984
0.149974 1.29403 -0.454964 0.0632544
0.153747 1.30714 -0.408968 0.0711903
0.137081 1.3126 -0.412411 0.0801728
0.153316 1.3048 -0.461987 0.0562028
0.127565 1.31086 -0.345214 0.0791978
0.104812 1.35626 -0.318195 0.104663
0.108813 1.3795 -0.32073 0.104551
0.09281 1.343 -0.325209 0.112343
0.0934351 1.38923 -0.331161 0.11532
0.0840747 1.38297 -0.335245 0.120583
0.0972128 1.33663 -0.3322 0.106238
0.0958512 1.33831 -0.330281 0.107997
0.129513 1.30986 -0.427289 0.0828862
0.129754 1.29616 -0.427226 0.0712301
0.13314 1.30706 -0.350402 0.0749869
0.0996938 1.37213 -0.324473 0.108966
0.076368 1.37721 -0.339206 0.125327
0.102399 1.33092 -0.3389 0.100073
0.115005 1.31899 -0.353539 0.0878655
0.00922533 1.28769 -0.375831 0.101069
0.0167033 1.32213 -0.403288 0.108105
0.138154 1.30393 -0.354836 0.0717198
0.137286 1.30273 -0.338691 0.0727423
0.0922933 1.36545 -0.328137 0.113076
0.146307 1.30271 -0.378538 0.0686744
0.181594 1.28087 -0.466939 0.0389587
0.0828633 1.34093 -0.386066 0.111839
0.200346 1.26255 -0.461078 0.0197514
0.0874826 1.33451 -0.396353 0.103421
0.00213186 1.28426 -0.390922 0.0936773
0.127626 1.31078 -0.36502 0.0785493
0.0758828 1.29609 -0.454133 0.0666951
0.0486449 1.33973 -0.373552 0.123269
0.0804554 1.36161 -0.384193 0.111594
0.0962105 1.40992 -0.333907 0.117785
0.0892598 1.40983 -0.470759 0.0576047
0.0596408 1.39018 -0.34927 0.139572
0.0565683 1.38745 -0.351095 0.141577
0.0628658 1.39249 -0.347607 0.137411
0.0593078 1.38988 -0.349439 0.139791
0.0518231 1.37865 -0.350852 0.141387
0.0440549 1.37037 -0.358633 0.133611
0.0575769 1.38856 -0.352405 0.140469
0.0534114 1.36629 -0.351625 0.141071
0.0616504 1.39353 -0.358243 0.135686
0.0602487 1.39087 -0.350227 0.138868
0.0337855 1.35869 -0.370026 0.12394
0.0640384 1.39559 -0.356279 0.134267
0.0634223 1.39307 -0.348231 0.136829
0.0275873 1.3517 -0.377558 0.118592
0.0682297 1.39849 -0.353641 0.131607
0.0637915 1.3933 -0.348017 0.13659
0.0744265 1.41709 -0.462752 0.0576591
0.0688979 1.39893 -0.353255 0.131185
0.0791507 1.4217 -0.448918 0.070829
0.0928166 1.41221 -0.335759 0.120387
0.0891815 1.40694 -0.336293 0.121529
0.0842086 1.42648 -0.432238 0.0869083
0.0871237 1.40827 -0.337404 0.123139
0.0866577 1.4285 -0.420948 0.0971251
0.1061 1.38425 -0.426939 0.0822464
0.0562229 1.38403 -0.351314 0.141366
0.00626169 1.28604 -0.381929 0.0980411
0.142726 1.33679 -0.418327 0.0654422
0.0352489 1.34338 -0.373042 0.124053
0.0356668 1.34386 -0.37248 0.124433
0.125733 1.34237 -0.425124 0.0790556
0.125162 1.34249 -0.425316 0.0795643
0.155769 1.34024 -0.416142 0.0533513
0.160902 1.35332 -0.418493 0.0442224
0.125687 1.40991 -0.349431 0.0869523
0.164887 1.40082 -0.36557 0.0472174
0.138548 1.40338 -0.345964 0.076839
0.116225 1.41142 -0.346296 0.0963674
0.134146 1.30624 -0.433394 0.0783085
0.193894 1.29221 -0.513009 0.0275803
0.125943 1.40558 -0.3421 0.0889215
0.0756801 1.40063 -0.341639 0.129373
0.0747597 1.40003 -0.342047 0.129908
0.0757708 1.40057 -0.34159 0.129298
0.171995 1.28709 -0.369556 0.0590171
0.0824914 1.34379 -0.344318 0.116763
0.0876805 1.33812 -0.350919 0.110867
0.159567 1.29427 -0.370752 0.0623472
0.148266 1.30627 -0.397529 0.0707735
0.0620527 1.35132 -0.361367 0.133015
0.0610922 1.35246 -0.360142 0.134078
0.0611364 1.3524 -0.360199 0.134028
0.0569102 1.36086 -0.350971 0.13965
0.0611375 1.35809 -0.348053 0.135997
0.0567515 1.36071 -0.35108 0.13978
0.0562549 1.3602 -0.35147 0.140182
0.058823 1.3591 -0.34965 0.137965
0.0963509 1.32967 -0.361031 0.10237
0.199097 1.2644 -0.45179 0.0235673
0.130473 1.31454 -0.412716 0.0841653
0.130373 1.31469 -0.413731 0.0844763
0.131207 1.31063 -0.388483 0.0784239
0.00961675 1.33201 -0.405939 0.103487
0.0138534 1.33659 -0.398576 0.106571
0.0204708 1.34383 -0.387949 0.112044
0.0899009 1.35286 -0.394745 0.103199
0.00702148 1.32926 -0.411066 0.101486
0.0673674 1.40004 -0.369068 0.127099
0.0678791 1.40082 -0.370201 0.126239
0.0623979 1.39268 -0.359628 0.134478
0.0622959 1.39254 -0.35946 0.134613
0.0525287 1.3722 -0.351236 0.141097
0.100074 1.3717 -0.412227 0.0900048
0.108347 1.38941 -0.433898 0.079506
0.0270955 1.35115 -0.378217 0.118149
0.0973027 1.41393 -0.432691 0.0861664
0.0832904 1.40761 -0.400364 0.103891
0.0907243 1.40159 -0.411193 0.0949659
0.0820925 1.40573 -0.397163 0.105781
0.0891276 1.39873 -0.406739 0.0973606
0.0738755 1.39329 -0.378989 0.117769
0.081706 1.38607 -0.389842 0.107909
0.0689394 1.38598 -0.369613 0.125036
0.0771251 1.37852 -0.380977 0.114598
0.0683759 1.38516 -0.368684 0.125785
0.0760725 1.37684 -0.379225 0.115995
0.162023 1.29237 -0.369345 0.061331
0.041687 1.35074 -0.365138 0.129639
0.0542846 1.36033 -0.352062 0.141053
0.0540004 1.36292 -0.351818 0.141119
0.0537172 1.36464 -0.351743 0.141103
0.0539967 1.36295 -0.351816 0.141119
0.0553252 1.36671 -0.351907 0.140879
0.0552038 1.362 -0.351995 0.141015
0.0552039 1.36192 -0.351999 0.141016
0.0643596 1.37943 -0.363057 0.130427
0.0720308 1.37054 -0.373555 0.1207
0.0552399 1.36057 -0.352117 0.140994
0.11338 1.40202 -0.452832 0.0755271
0.115179 1.40708 -0.461316 0.0753643
0.172063 1.28673 -0.369576 0.0587089
0.18215 1.28514 -0.392941 0.053887
0.139824 1.29699 -0.345894 0.066149
0.134872 1.39003 -0.47349 0.071371
0.0944338 1.31018 -0.429224 0.0782525
0.145475 1.29925 -0.350679 0.0669615
0.110481 1.33799 -0.413229 0.0901584
0.115069 1.34605 -0.419784 0.0850497
0.148134 1.29526 -0.452546 0.0649482
0.134589 1.36745 -0.451829 0.0707615
0.127396 1.37097 -0.446419 0.0722622
0.127388 1.35718 -0.437314 0.0751367
0.122021 1.35947 -0.433059 0.0771072
0.12425 1.34911 -0.429908 0.0789286
0.118106 1.35171 -0.425029 0.0815542
0.0151503 1.3213 -0.405869 0.106903
0.130487 1.37837 -0.456279 0.0705064
0.22015 1.25532 -0.536117 0.00439442
0.182482 1.27296 -0.49423 0.0345312
0.0769513 1.32511 -0.407805 0.0939114
0.156867 1.36549 -0.484137 0.0649898
0.0902822 1.33717 -0.393791 0.105833
0.135584 1.31916 -0.439081 0.0720927
0.105287 1.32922 -0.406803 0.0962075
0.1384 1.37535 -0.462945 0.0696968
0.14796 1.29541 -0.452304 0.0651035
0.0335605 1.32268 -0.361303 0.120429
0.118591 1.31544 -0.37112 0.0848167
0.0704672 1.30094 -0.448109 0.0697077
0.0970114 1.32827 -0.364966 0.101593
0.134723 1.33239 -0.44135 0.0698595
0.123302 1.34331 -0.426563 0.0810891
0.12201 1.34235 -0.42499 0.0821193
0.122897 1.34195 -0.425583 0.0817616
0.121391 1.33054 -0.420523 0.0859247
0.121465 1.33201 -0.420976 0.0854578
0.117186 1.33414 -0.418175 0.087176
0.148646 1.29924 -0.36798 0.0663784
0.134711 1.30958 -0.390472 0.0766111
0.181769 1.2754 -0.492275 0.0362662
0.0237978 1.31561 -0.423977 0.0929351
0.135116 1.36786 -0.452786 0.0705708
0.0329111 1.28492 -0.481066 0.0575932
0.132406 1.27077 -0.464051 0.0626715
0.0576184 1.30518 -0.362879 0.0961762
0.131426 1.2709 -0.463302 0.0633305
0.129271 1.3105 -0.425268 0.0833543
0.128864 1.31031 -0.42642 0.0835037
0.127192 1.29478 -0.439588 0.0740809
0.126474 1.31357 -0.423652 0.0852343
0.124399 1.31658 -0.420852 0.0869968
0.137577 1.30331 -0.438493 0.0746284
0.12131 1.32035 -0.417305 0.0894458
0.131001 1.31334 -0.407734 0.0823374
0.056725 1.34847 -0.362375 0.132332
0.0992474 1.32695 -0.365028 0.0998251
0.11517 1.31886 -0.35371 0.087728
0.120454 1.31526 -0.358655 0.0835007
0.129804 1.31119 -0.422772 0.083298
0.100526 1.32623 -0.365349 0.0987883
0.107603 1.3219 -0.36713 0.092982
0.0320453 1.32306 -0.403976 0.102983
0.130506 1.31248 -0.400881 0.0808173
0.0922137 1.33129 -0.364172 0.105538
0.0733393 1.34344 -0.362766 0.122193
0.0907556 1.33241 -0.399951 0.100589
0.0738872 1.33231 -0.39561 0.103529
0.129227 1.26083 -0.374938 0.0303451
0.0130946 1.32004 -0.409647 0.105172
0.0121219 1.31851 -0.415794 0.101615
0.120956 1.27312 -0.469408 0.0585806
0.129286 1.27122 -0.461931 0.0645908
0.0138 1.28942 -0.365867 0.105601
0.130751 1.30877 -0.429171 0.0815733
0.133289 1.30678 -0.432299 0.0791443
0.0615399 1.35049 -0.361889 0.132583
0.0692434 1.34612 -0.362759 0.126011
0.0625402 1.35078 -0.361984 0.132482
0.0826139 1.33985 -0.377286 0.112677
0.0627729 1.35068 -0.362264 0.132225
0.0592054 1.3497 -0.361838 0.132694
0.011968 1.28847 -0.369672 0.103743
0.0371426 1.32934 -0.361556 0.123989
0.010326 1.288 -0.373617 0.10209
-0.000753456 1.28371 -0.396794 0.0908688
0.00546123 1.28585 -0.383943 0.0972222
0.00643649 1.28942 -0.386216 0.097392
0.00530908 1.28577 -0.384335 0.0970421
0.0570377 1.34882 -0.362012 0.13264
0.0709874 1.34677 -0.372572 0.123177
0.111958 1.32556 -0.411763 0.0930146
0.117657 1.32234 -0.415295 0.090737
0.116643 1.32293 -0.414747 0.0911217
0.128354 1.30606 -0.430231 0.0806138
0.128737 1.30974 -0.426895 0.0831221
0.127549 1.29693 -0.437787 0.0751785
0.0107498 1.31906 -0.413679 0.103359
0.0306155 1.31718 -0.361242 0.117685
0.026919 1.31829 -0.415618 0.0969235
0.0457232 1.30928 -0.438064 0.0793037
0.0309887 1.33254 -0.381512 0.119665
0.0233289 1.32665 -0.392764 0.113245
0.0229742 1.32635 -0.393338 0.112949
0.0382901 1.33128 -0.361641 0.125049
0.0391803 1.33929 -0.370304 0.127176
0.0396379 1.33967 -0.369731 0.127587
0.0426469 1.34198 -0.366333 0.130063
0.0851796 1.30283 -0.440732 0.0716311
0.0341148 1.33475 -0.377366 0.12234
0.0800307 1.30784 -0.434378 0.0754684
0.110204 1.2899 -0.44885 0.0676706
0.0970305 1.28836 -0.455299 0.0647472
0.106239 1.29557 -0.44389 0.069582
0.0222892 1.30217 -0.361907 0.111323
0.0228779 1.30382 -0.362677 0.111609
0.0225225 1.30262 -0.361888 0.111487
0.0895684 1.2979 -0.446135 0.0686129
0.0984505 1.30564 -0.434195 0.0749812
0.1077 1.275 -0.465716 0.0627839
0.211498 1.26293 -0.523817 0.0069457
0.205566 1.26065 -0.514266 0.0141481
0.189901 1.26948 -0.501204 0.0285998
0.191865 1.26813 -0.50323 0.0265744
0.206452 1.26333 -0.508994 0.014498
0.186613 1.26544 -0.511531 0.0187259
0.18744 1.26905 -0.499944 0.0295048
0.189797 1.26911 -0.501349 0.0284624
0.200445 1.26373 -0.509242 0.0190937
0.197758 1.26492 -0.506953 0.0215215
0.170709 1.26746 -0.508051 0.0228434
0.198372 1.26473 -0.507513 0.0209874
0.195056 1.26759 -0.507956 0.0227788
0.152128 1.26993 -0.476315 0.050756
0.162156 1.28566 -0.469898 0.0526317
0.16944 1.26925 -0.48806 0.0399772
0.198529 1.26662 -0.51193 0.0193756
0.197038 1.26713 -0.510035 0.0209293
0.199577 1.26493 -0.510356 0.0191552
0.19985 1.27601 -0.517897 0.018145
0.195129 1.26756 -0.508025 0.0227123
0.213469 1.25644 -0.52326 0.00465042
0.19514 1.26622 -0.505523 0.0235867
0.19972 1.26404 -0.508715 0.0197238
0.205968 1.25932 -0.513074 0.0142882
0.205871 1.26002 -0.513255 0.0145367
0.206169 1.25993 -0.513475 0.0142963
0.210248 1.25813 -0.517677 0.0104434
0.181682 1.2701 -0.495455 0.033447
0.196762 1.28922 -0.516866 0.0251286
0.188453 1.27413 -0.500596 0.0290527
0.191736 1.26864 -0.50392 0.0263841
0.187729 1.27147 -0.498764 0.0306313
0.170254 1.32838 -0.490364 0.0471011
0.140813 1.27058 -0.469188 0.0577093
0.136634 1.27096 -0.466607 0.0601536
0.131513 1.27338 -0.485835 0.0443689
0.153596 1.29088 -0.460066 0.0597869
0.156168 1.28888 -0.463056 0.057699
0.169715 1.26902 -0.492395 0.0360788
0.159592 1.28698 -0.466825 0.0548734
0.15704 1.2884 -0.464114 0.0569665
0.158782 1.28753 -0.465882 0.0555804
0.149595 1.2704 -0.474326 0.0525819
0.150279 1.28025 -0.466688 0.0558074
0.14232 1.27072 -0.469903 0.0569478
0.143865 1.27064 -0.470658 0.0561079
0.182956 1.27447 -0.49355 0.0351767
0.167912 1.28327 -0.475832 0.0482617
0.168396 1.28314 -0.476281 0.0479102
0.179158 1.26903 -0.498732 0.0303938
0.151319 1.27064 -0.497536 0.0327573
0.162475 1.2692 -0.483542 0.0442327
0.161814 1.27599 -0.4775 0.0474759
0.15669 1.26998 -0.47914 0.0480575
0.158466 1.26974 -0.480268 0.0469989
0.172945 1.2804 -0.4819 0.0438922
0.174881 1.27966 -0.483845 0.0423254
0.177892 1.27791 -0.487334 0.0398025
0.179018 1.27004 -0.494051 0.034781
0.183392 1.27421 -0.49408 0.0347314
0.183191 1.27436 -0.49382 0.0349501
0.212245 1.26231 -0.523495 0.00615625
0.199225 1.26623 -0.513105 0.0184299
0.205355 1.26031 -0.512694 0.0149505
0.21323 1.2547 -0.520367 0.00716585
0.208433 1.26554 -0.526579 0.0106187
0.212386 1.25603 -0.522452 0.00603727
0.212656 1.25567 -0.522746 0.00571429
0.212214 1.25621 -0.523469 0.0055412
0.215123 1.25713 -0.525236 0.0021013
0.213167 1.25654 -0.524031 0.00440597
0.213666 1.25702 -0.525015 0.00340329
0.208924 1.26517 -0.527573 0.0101028
0.210193 1.25881 -0.528419 0.0067238
0.212717 1.26292 -0.524488 0.00586154
0.21317 1.26154 -0.523422 0.00512466
0.219396 1.25063 -0.525669 0.00351807
0.216778 1.25036 -0.522648 0.00547158
