-0.15369 1.04306 -0.152803 0.0510475
-0.14768 1.05862 -0.193893 0.0699971
-0.0972211 1.11176 -0.103286 0.0612904
-0.118825 1.13304 -0.135733 0.0460239
-0.178565 1.09024 -0.138006 0.0112291
-0.0378618 1.12555 -0.450355 0.0585827
-0.2054 1.11372 -0.248244 0.0295492
0.0109486 1.11306 -0.478841 0.0686716
0.250823 1.03369 -0.310939 0.0476552
0.285707 1.18723 -0.228084 0.0402926
-0.10212 1.13348 -0.139434 0.0346286
-0.202172 1.13436 -0.24182 0.0424228
-0.0373046 1.16513 -0.433909 0.0558085
-0.145708 1.06229 -0.194466 0.0699618
0.0503319 1.12062 -0.0367305 0.0826151
-0.165232 1.09249 -0.245089 0.0644255
-0.143826 1.05902 -0.185511 0.0697826
-0.203545 1.09215 -0.228896 0.0250233
-0.0774339 1.10652 -0.0896335 0.0713094
0.0294838 1.26947 -0.503348 0.0108697
-0.147429 1.04604 -0.162981 0.0596682
-0.170011 1.03449 -0.147033 0.0329114
-0.153481 1.02437 -0.174996 0.0500964
-0.128957 1.01377 -0.162804 0.0569765
-0.138981 1.14629 -0.111267 0.0292119
-0.115797 1.03705 -0.134934 0.0811233
0.193602 1.10718 -0.065218 0.0770006
0.132086 1.07235 -0.042967 0.0715829
-0.179118 1.10283 -0.143316 0.0173853
-0.162947 1.09746 -0.149738 0.0306031
-0.147325 1.04772 -0.167345 0.0614155
-0.160301 1.03986 -0.160859 0.0458377
-0.164601 1.10721 -0.130551 0.0236651
-0.0380924 1.14711 -0.435938 0.057144
-0.165131 1.11067 -0.233019 0.0594155
-0.0330884 1.19681 -0.431137 0.0658769
-0.165752 1.14422 -0.211446 0.0675389
-0.132513 1.08763 -0.0856651 0.0179484
-0.147344 1.02925 -0.183995 0.0610727
-0.152298 1.0249 -0.17876 0.0530378
-0.134876 1.08467 -0.0858971 0.0167137
-0.0980105 1.09267 -0.0822753 0.0472093
-0.172728 1.09844 -0.146669 0.0212269
-0.152105 1.11901 -0.183968 0.0573685
-0.112089 1.03465 -0.131337 0.0834093
-0.160793 1.06314 -0.156118 0.0403048
-0.160749 1.06327 -0.158594 0.041482
-0.135855 1.05393 -0.169407 0.0693582
-0.133259 1.1282 -0.141299 0.0522874
-0.0377623 1.17138 -0.496795 0.00183825
-0.0233447 1.12312 -0.535758 0.0281672
-0.180593 1.02737 -0.145572 0.020752
0.289673 1.03797 -0.31586 0.0320588
0.163677 1.215 -0.382061 0.0688715
-0.173589 1.03599 -0.163004 0.0340576
-0.15502 1.08968 -0.324692 0.0741888
-0.174097 1.15273 -0.251969 0.0713293
-0.118563 1.0453 -0.18763 0.0435213
-0.0788499 1.15517 -0.434422 0.0393561
-0.00479576 1.20828 -0.507404 0.0390269
-0.228089 1.11002 -0.257655 0.00583769
-0.108397 1.03119 -0.127431 0.0855478
-0.0822247 1.08646 -0.0399076 0.0297922
-0.079453 1.08638 -0.0967572 0.0689758
-0.164979 1.0972 -0.242061 0.0626844
-0.15045 1.13381 -0.379958 0.040306
0.283633 1.2017 -0.23141 0.0271319
-0.16467 1.08803 -0.277426 0.068999
-0.1703 1.12933 -0.272246 0.0625354
-0.134563 1.12304 -0.143026 0.0518941
-0.165171 1.08866 -0.246859 0.06602
-0.160493 1.11942 -0.313518 0.0627207
-0.0260795 1.14119 -0.449877 0.056071
-0.00356912 1.10214 -0.472715 0.0575913
0.00243934 1.11478 -0.477727 0.0667341
0.325422 1.14234 -0.326692 0.0321021
0.290781 1.12303 -0.262352 0.066152
-0.150659 1.13473 -0.379426 0.0400293
-0.0885148 1.13136 -0.41137 0.0646491
0.281779 1.114 -0.285098 0.0661181
0.0174997 1.13435 -0.475144 0.0709265
-0.0367477 1.17119 -0.495669 0.00329148
-0.00954329 1.12321 -0.469909 0.0627148
-0.0409075 1.16985 -0.431704 0.0563239
-0.120273 1.13023 -0.107366 0.0464879
0.28279 1.10407 -0.315791 0.0678512
0.0220414 1.21309 -0.449151 0.0545775
0.0273279 1.14296 -0.474412 0.0748345
0.0429402 1.19737 -0.458118 0.0683568
0.19794 1.07942 -0.0763164 0.0692504
0.0338902 1.11902 -0.484347 0.0821394
0.257348 1.04665 -0.320885 0.0388
0.0345195 1.12315 -0.482746 0.0812133
0.0131766 1.21019 -0.48085 0.0604071
0.201794 1.10832 -0.0711047 0.0753753
0.0285852 1.12946 -0.516466 0.0551486
0.0111866 1.22163 -0.437884 0.0457478
0.193175 1.19753 -0.403636 0.0765447
0.193561 1.19414 -0.403722 0.0748099
0.287316 1.1529 -0.199246 0.0696599
0.324353 1.14184 -0.326533 0.0325139
0.0307967 1.177 -0.404438 0.0204318
0.194071 1.17623 -0.40505 0.0674464
0.203959 1.14372 -0.396673 0.064835
0.312984 1.1244 -0.347102 0.0265563
0.283931 1.13513 -0.196714 0.0597109
0.204992 1.13293 -0.397299 0.0681234
0.0144097 1.25185 -0.416142 0.0208715
0.312404 1.14053 -0.233255 0.0504182
-0.0588011 1.07554 -0.0831954 0.0676633
0.0330317 1.11973 -0.484874 0.0816493
0.234403 1.16195 -0.362685 0.0624673
0.023992 1.05207 -0.0518914 0.0715352
0.0306027 1.12512 -0.504757 0.0649252
-0.00489261 1.06793 -0.469907 0.0356944
0.0150211 1.2374 -0.424827 0.0307245
0.313787 1.09864 -0.309575 0.0423146
0.0377994 1.07831 -0.0438809 0.068572
0.281837 1.15695 -0.253988 0.0627825
0.291856 1.14668 -0.206373 0.068509
0.265074 1.15847 -0.236918 0.0520768
0.1755 1.20259 -0.414112 0.0766733
-0.116834 1.00952 -0.146821 0.065336
-0.12205 1.12935 -0.103452 0.0462428
-0.100787 1.06267 -0.0819055 0.0459398
0.238267 1.10575 -0.10463 0.066844
-0.167852 1.10928 -0.287762 0.0640576
-0.128896 1.11511 -0.129074 0.0527125
0.277132 1.16907 -0.172465 0.0764665
0.0418334 1.23517 -0.446006 0.0412413
0.201876 1.07945 -0.0789848 0.0690664
0.207864 1.11023 -0.153341 0.0110957
0.20663 1.11021 -0.161474 0.00565295
0.28215 1.0967 -0.318001 0.0652024
-0.145781 1.11687 -0.344262 0.0640539
-0.0166247 1.07131 -0.468889 0.0336427
0.0761434 1.18973 -0.465109 0.0704244
-0.167869 1.15286 -0.212552 0.0726312
0.252175 1.04236 -0.342417 0.0175391
0.0103927 1.09005 -0.498607 0.0452397
0.0331314 1.11976 -0.484423 0.0819612
0.156665 1.13393 -0.434422 0.0667408
0.20203 1.0778 -0.0795378 0.0690583
0.19542 1.10078 -0.0683648 0.0740711
-0.134948 1.01085 -0.164917 0.0510165
-0.0116001 1.1272 -0.466113 0.0605104
-0.0450386 1.10015 -0.467078 0.0600611
0.0050672 1.18528 -0.450528 0.0610712
-0.143495 0.982203 -0.195153 0.0259221
-0.168029 1.10688 -0.285923 0.0645633
-0.15372 1.02484 -0.18275 0.0542241
-0.167966 1.1512 -0.213506 0.0717145
-0.00244469 1.09029 -0.471277 0.0507473
-0.166107 1.10431 -0.241821 0.0612152
-0.132997 1.01494 -0.167881 0.0554022
-0.145843 1.05514 -0.184014 0.0698271
-0.152054 1.04393 -0.170188 0.0574983
-0.212945 1.11339 -0.248563 0.0230245
-0.12184 1.12064 -0.122492 0.056125
-0.21615 1.09949 -0.250164 0.0194092
-0.164326 1.0803 -0.248868 0.0698403
-0.143202 1.04811 -0.17559 0.0684014
-0.192752 1.10478 -0.249481 0.0399432
-0.220835 1.11241 -0.250876 0.0155614
-0.164915 1.10928 -0.137258 0.0273938
-0.166812 1.09648 -0.289993 0.0682884
-0.145213 1.04708 -0.166676 0.0630353
-0.190308 1.12564 -0.245393 0.0465712
-0.203234 1.1124 -0.248304 0.0311282
-0.144277 1.03117 -0.179871 0.0620257
0.0343586 1.13598 -0.476751 0.0781099
-0.215298 1.11319 -0.24899 0.0209096
-0.133533 1.04973 -0.162601 0.0704016
-0.203434 1.11508 -0.247742 0.0316462
-0.151854 1.0254 -0.178551 0.053498
-0.165098 1.07879 -0.295591 0.0771799
0.00192612 1.02983 -0.0640295 0.0811718
-0.166386 1.0858 -0.253653 0.0680447
-0.131808 1.12957 -0.13899 0.0525882
-0.168413 1.10164 -0.250811 0.0629146
-0.169306 1.10875 -0.249741 0.0618323
-0.133084 1.13675 -0.141886 0.0536247
-0.167184 1.09952 -0.289035 0.0670935
-0.216553 1.11659 -0.247894 0.0213043
-0.171842 1.14278 -0.272276 0.0659465
-0.214574 1.11327 -0.248812 0.0215848
-0.132822 1.13804 -0.141693 0.0538958
-0.216103 1.10904 -0.278698 0.0187218
-0.195806 1.12092 -0.246179 0.0401271
-0.149524 1.14354 -0.136244 0.0394097
-0.2214 1.12019 -0.268873 0.0137899
0.0724558 1.21377 -0.458261 0.078722
-0.221183 1.12121 -0.268234 0.014574
-0.166018 1.08297 -0.254231 0.0693181
-0.0510181 1.16954 -0.425412 0.0560158
0.131373 1.12026 -0.448484 0.0728673
-0.0365141 1.2011 -0.429046 0.0682806
-0.00139555 1.12216 -0.474291 0.065924
-0.00752689 1.13098 -0.46575 0.060222
-0.0944236 1.18001 -0.396144 0.0649257
0.0413697 1.12814 -0.477814 0.0804832
-0.0263658 1.12926 -0.457163 0.0583101
0.0387356 1.13717 -0.477713 0.0781906
0.0201426 1.12412 -0.484222 0.0764803
-0.117462 1.16256 -0.378569 0.0621655
0.0422415 1.16816 -0.512461 0.0422422
-0.00324303 1.11701 -0.477101 0.0666077
-0.0624948 1.04583 -0.0956992 0.0772708
-0.0257655 1.10997 -0.470897 0.0614854
0.0593611 1.02285 -0.0412236 0.0896616
0.00493094 1.11886 -0.508803 0.0502346
0.172704 1.1427 -0.421267 0.0639805
0.0918641 1.21669 -0.45744 0.0833932
0.253476 1.14257 -0.112453 0.0761103
-0.164773 1.14749 -0.302658 0.0651276
-0.123484 1.17378 -0.368654 0.0656672
-0.0354929 1.19856 -0.429496 0.067131
-0.17022 1.09573 -0.148065 0.0232232
0.0430016 1.1699 -0.511369 0.0432105
0.0358318 1.16392 -0.534538 0.02534
0.0753194 1.20077 -0.464605 0.0755361
-0.13287 1.01492 -0.167717 0.0554613
-0.0144846 1.06123 -0.471955 0.0261441
-0.0117062 1.06291 -0.471753 0.0286523
-0.143722 1.05895 -0.185151 0.0697966
-0.0400407 1.16333 -0.484048 0.0134709
0.0133661 1.07182 -0.470724 0.0492818
-0.0234941 1.07915 -0.4678 0.0388821
-0.0443764 1.10002 -0.46713 0.0597006
-0.0700825 1.1431 -0.458081 0.030709
-0.0864814 1.11617 -0.0764016 0.0641172
-0.166494 1.10632 -0.124851 0.0198102
-0.169702 1.03462 -0.147392 0.0332472
-0.00372709 1.15273 -0.417439 0.0265585
-0.123993 1.16569 -0.10324 0.0126184
-0.171565 1.09459 -0.290873 0.0647278
-0.164663 1.12814 -0.302855 0.0617825
-0.143079 1.05851 -0.183249 0.069807
0.263523 1.09617 -0.144082 0.0574018
-0.145887 0.987134 -0.198808 0.0319195
-0.145888 1.00458 -0.190694 0.0459887
-0.0624544 1.07863 -0.0850817 0.0677769
-0.0818484 1.07511 -0.102962 0.0702452
-0.151715 1.02551 -0.179134 0.0539453
0.231441 1.11231 -0.0962715 0.070084
-0.147524 1.004 -0.194032 0.0461086
0.248616 1.11511 -0.115198 0.0655691
0.263485 1.09423 -0.144537 0.057704
-0.145079 0.985627 -0.197443 0.0299871
0.226591 1.07679 -0.0993996 0.0685992
-0.0576829 1.09402 -0.0766966 0.0687377
0.220993 1.21186 -0.364003 0.0824876
-0.147699 1.06257 -0.200117 0.0705087
-0.156217 1.12295 -0.122251 0.0240635
-0.144195 1.08817 -0.0739202 0.00253887
-0.141358 1.08539 -0.0725225 0.00309657
-0.168639 1.04946 -0.163796 0.0414807
-0.147784 1.04603 -0.172767 0.0627834
-0.152518 1.05062 -0.192403 0.0704742
-0.154942 1.05745 -0.21111 0.0733981
-0.131075 1.10919 -0.136178 0.0535331
-0.175394 1.10345 -0.130641 0.0146354
-0.140692 1.11789 -0.110863 0.037132
-0.152279 1.08578 -0.147193 0.0377207
-0.178744 1.09071 -0.148363 0.0150291
-0.178006 1.11023 -0.141688 0.0231846
-0.161369 1.0527 -0.174886 0.0537778
-0.143132 1.05854 -0.183389 0.0698101
-0.0900862 1.12606 -0.411308 0.0668889
-0.162083 1.08107 -0.242648 0.0684876
-0.14261 1.04835 -0.174623 0.0685655
-0.159806 1.05416 -0.182613 0.0598199
-0.143336 1.0582 -0.183317 0.0698031
-0.165999 1.03676 -0.155308 0.0383188
-0.15609 1.05673 -0.215716 0.0741844
-0.168426 1.15496 -0.212804 0.0739489
-0.148566 1.05239 -0.185979 0.0699381
-0.120725 1.04449 -0.143646 0.0771865
0.276104 1.09001 -0.145083 0.0466976
-0.122748 0.989174 -0.165037 0.0427159
-0.151979 1.04391 -0.15579 0.053317
-0.144811 1.03131 -0.18077 0.0620632
-0.157926 1.0474 -0.20099 0.072272
-0.144345 1.03083 -0.179921 0.0618866
-0.144442 1.03077 -0.180067 0.061855
-0.145574 1.02997 -0.181545 0.0614121
-0.157017 1.018 -0.154251 0.036973
-0.151609 1.02554 -0.176052 0.0524769
-0.13111 1.03509 -0.158613 0.0671544
0.285768 1.18842 -0.222603 0.0386332
-0.135301 1.01564 -0.170764 0.0547055
-0.1389 1.02961 -0.172819 0.061373
-0.14378 1.03103 -0.179113 0.0619669
-0.125005 1.02245 -0.155571 0.0636959
-0.161691 1.02138 -0.186564 0.0501986
-0.176518 1.0125 -0.161246 0.021614
-0.130892 1.04646 -0.156527 0.0719984
-0.124816 1.04539 -0.147587 0.0757753
-0.13088 0.99079 -0.176831 0.0361592
-0.0593785 1.08524 -0.0805223 0.0676727
-0.137795 0.999931 -0.181281 0.0419038
-0.138688 0.999156 -0.18172 0.0409382
-0.141378 1.0019 -0.185491 0.0431992
-0.131611 1.01462 -0.166211 0.0559247
-0.131298 1.01426 -0.166011 0.0558114
-0.139828 1.01093 -0.179661 0.0497761
-0.137838 1.01254 -0.169457 0.0506226
-0.135723 1.01597 -0.171257 0.0547073
-0.138686 1.01155 -0.177669 0.0504798
-0.202624 1.13498 -0.241616 0.0425526
-0.138971 1.0113 -0.178206 0.0502384
-0.146345 1.00477 -0.191285 0.0462672
-0.147199 1.00477 -0.192672 0.0465623
-0.147198 1.00477 -0.192671 0.046562
-0.155603 0.999557 -0.20006 0.0445373
-0.157575 1.00443 -0.207558 0.0523733
-0.175779 1.02611 -0.221706 0.075152
-0.17128 1.02804 -0.219492 0.074794
-0.162101 1.06339 -0.152447 0.0375698
-0.130516 1.04643 -0.155967 0.0722081
-0.139021 1.04568 -0.154293 0.0644595
-0.136991 1.04528 -0.148893 0.0653066
-0.158927 1.16265 -0.183421 0.0786126
-0.168575 1.05515 -0.175955 0.0494066
-0.171964 1.05656 -0.177498 0.0484022
-0.126525 1.04545 -0.14687 0.0742717
-0.133982 1.0842 -0.0869071 0.0180957
-0.115731 1.03719 -0.13524 0.0811957
0.138815 1.07383 -0.0138698 0.0469985
-0.0894845 1.10393 -0.0792777 0.0572232
-0.0936528 1.10248 -0.0750928 0.0517705
-0.135056 1.11005 -0.143056 0.0529463
-0.0996864 1.07627 -0.0784135 0.0422801
-0.0991474 1.07835 -0.0782501 0.0425975
-0.130597 1.1228 -0.13592 0.0525133
-0.132803 1.15128 -0.110058 0.0267625
-0.101338 1.07219 -0.078299 0.0412636
-0.0823854 1.03428 -0.108283 0.0855186
0.274987 1.09034 -0.144973 0.0476489
-0.108996 1.03086 -0.126726 0.085092
-0.153634 1.15066 -0.107623 0.0158031
-0.115733 1.14339 -0.0930115 0.0326501
-0.042238 1.0308 -0.0853132 0.08278
-0.147456 1.05666 -0.159971 0.0551407
-0.121765 1.18173 -0.36966 0.0692391
0.204138 1.04953 -0.0900114 0.0745894
-0.0807828 1.03389 -0.111483 0.0889064
-0.0760541 1.06959 -0.0984819 0.070875
-0.134247 1.12965 -0.14312 0.0523822
-0.0902709 1.08652 -0.0843167 0.0536366
0.106669 1.0617 -0.0440212 0.0682999
-0.108158 1.10586 -0.0630753 0.0395714
-0.1661 1.10546 -0.11885 0.0188088
-0.0839659 1.09369 -0.088958 0.0625135
-0.132414 1.13922 -0.141615 0.0539889
-0.13071 1.07217 -0.0852272 0.0235505
-0.123158 1.09569 -0.0668093 0.0225672
-0.123434 1.07741 -0.098157 0.0344796
-0.1284 1.14614 -0.207357 0.0412908
-0.111837 1.09634 -0.0725997 0.0331325
-0.0930165 1.10879 -0.0736592 0.0549843
-0.101532 1.11264 -0.0660395 0.0492636
-0.110187 1.0397 -0.132925 0.0821772
-0.108105 1.03089 -0.127134 0.0857182
-0.150232 1.08648 -0.0639544 0.00454595
-0.109327 1.03078 -0.126479 0.0848503
-0.150196 1.08652 -0.0638156 0.00452149
-0.125576 1.04561 -0.147825 0.0752207
-0.107337 1.03457 -0.128936 0.0846856
-0.153426 1.08333 -0.203963 0.0610056
-0.123961 1.08648 -0.0930416 0.0291256
-0.103946 1.11682 -0.0623314 0.0500461
-0.135459 1.08789 -0.0829 0.0139738
-0.134483 1.08629 -0.085077 0.0161978
-0.13127 1.06904 -0.11082 0.0405049
-0.121967 1.13371 -0.0898188 0.0412689
-0.105149 1.03452 -0.127909 0.0852997
-0.124 1.04646 -0.147645 0.0757384
-0.135528 1.07779 -0.0773351 0.0129512
-0.143542 1.1657 -0.107105 0.0153334
-0.115001 1.12636 -0.0858539 0.0500905
-0.0970773 1.14744 -0.113909 0.0272287
-0.142987 1.08721 -0.0758529 0.00399154
-0.112965 1.12483 -0.087807 0.0507598
-0.134993 1.1465 -0.1175 0.0347395
-0.148286 1.12378 -0.163814 0.0559188
-0.139664 1.09039 -0.0778943 0.00808929
-0.108197 1.03099 -0.127224 0.0856695
-0.129837 1.09468 -0.0845456 0.0203499
-0.124051 1.14207 -0.145802 0.0465287
-0.0837472 1.10651 -0.0834292 0.0640524
-0.139534 1.14557 -0.117577 0.032675
-0.140179 1.08072 -0.0853162 0.0143384
-0.138854 1.08377 -0.0841111 0.0130797
-0.137204 1.08407 -0.0849516 0.0146213
-0.127862 1.07365 -0.0853223 0.0245555
-0.124082 1.04485 -0.14657 0.076136
-0.123452 1.04613 -0.146936 0.075987
-0.11456 1.0408 -0.136739 0.0803079
-0.11561 1.03712 -0.135105 0.0812714
-0.121496 1.04268 -0.14303 0.0774694
-0.124806 1.04695 -0.148738 0.0753514
-0.11255 1.03505 -0.131786 0.0831671
-0.122279 1.04945 -0.147578 0.0752581
-0.140924 1.14701 -0.111171 0.0275045
-0.125168 1.04562 -0.148078 0.0755985
-0.0993868 1.10961 -0.108572 0.0612597
-0.151787 1.10861 -0.187867 0.0555475
-0.143551 1.10783 -0.127878 0.0395377
-0.15328 1.06921 -0.138839 0.0390383
-0.0749313 1.0568 -0.100879 0.0750272
-0.0673388 1.06861 -0.0916483 0.0695677
-0.0859485 1.07163 -0.110263 0.0712025
-0.17755 1.0942 -0.147333 0.015915
-0.132361 1.09284 -0.147775 0.0543777
-0.055396 1.05939 -0.0860993 0.0705238
-0.167932 1.06646 -0.168772 0.0417963
-0.0866344 1.06484 -0.112788 0.0737182
-0.0425615 1.03493 -0.0842766 0.0803192
-0.0413495 1.06606 -0.0747033 0.0674225
-0.155437 1.06072 -0.160599 0.0474996
-0.05413 1.08063 -0.0786444 0.0669906
-0.115393 1.16398 -0.122474 0.0262718
-0.15402 1.0597 -0.178178 0.0591225
-0.0864595 1.0724 -0.110961 0.0710055
0.271144 1.18397 -0.211941 0.0422042
-0.134733 1.10878 -0.133367 0.0492322
-0.126113 1.04579 -0.149467 0.0749349
-0.130909 1.04777 -0.157468 0.0717912
-0.0289386 1.07714 -0.0647151 0.0660261
-0.170083 1.10412 -0.146024 0.0255298
-0.0792207 1.08729 -0.0962007 0.0689866
-0.137455 1.09121 -0.157428 0.0551551
-0.0784369 1.09509 -0.0934401 0.0692418
-0.166397 1.13898 -0.297831 0.0631979
-0.0301148 1.08539 -0.0629489 0.066722
-0.0361112 1.10034 -0.0622689 0.0702172
-0.0328617 1.13636 -0.0504814 0.090321
-0.0327219 1.12285 -0.0539869 0.0815276
-0.121736 1.12881 -0.101579 0.0464642
-0.172024 1.11153 -0.141168 0.0262032
-0.145939 1.06275 -0.195781 0.0700506
-0.145449 1.06289 -0.194532 0.0699218
-0.130091 1.05029 -0.158548 0.0715657
-0.191628 1.12442 -0.245525 0.044997
-0.137565 1.05208 -0.170021 0.0692271
-0.145385 1.05551 -0.18362 0.0698141
-0.225328 1.112 -0.252854 0.0112511
-0.224721 1.1117 -0.252751 0.0116511
-0.225133 1.11155 -0.253181 0.0110615
-0.159349 1.16519 -0.184348 0.0804745
-0.173991 1.15457 -0.261928 0.0713925
-0.13355 1.13909 -0.142801 0.054147
-0.198283 1.1418 -0.262056 0.0448919
-0.166508 1.14045 -0.297516 0.0635269
-0.18797 1.12799 -0.245292 0.0494175
-0.17361 1.14372 -0.245539 0.0682218
-0.172754 1.14647 -0.266739 0.0675231
-0.171314 1.13595 -0.272956 0.0641149
-0.130431 1.1394 -0.123431 0.0440048
-0.157339 1.15921 -0.14338 0.0457495
-0.167382 1.11707 -0.290171 0.0624745
-0.171499 1.13775 -0.271905 0.0646003
-0.17202 1.14477 -0.271599 0.0666419
-0.170368 1.13037 -0.278248 0.0627602
-0.170637 1.13226 -0.277121 0.0630928
-0.216633 1.11281 -0.299601 0.0173005
-0.153294 1.13008 -0.181231 0.0609398
-0.166557 1.12623 -0.227982 0.060692
-0.166877 1.1414 -0.215292 0.0664919
-0.166101 1.13374 -0.217239 0.0631607
-0.165041 1.12538 -0.218774 0.0604327
-0.161793 1.07884 -0.243014 0.069586
-0.156906 1.1099 -0.322513 0.065395
-0.165285 1.13414 -0.214794 0.0631073
-0.164362 1.12116 -0.21916 0.0594212
-0.162717 1.11014 -0.22012 0.0580748
-0.0898902 1.12392 -0.225968 0.000889251
-0.0794597 1.10624 -0.0930347 0.0703129
0.0448937 1.05502 -0.0435728 0.0731592
-0.134331 1.12908 -0.143225 0.0523134
-0.0983682 1.1292 -0.214676 0.00900868
-0.129729 1.0899 -0.144566 0.0551601
-0.123658 1.1187 -0.124834 0.0553204
-0.155144 1.08165 -0.210628 0.0627022
-0.102063 1.14954 -0.116523 0.0265671
-0.15891 1.11357 -0.207266 0.0569846
-0.158063 1.09814 -0.212047 0.0579771
-0.126105 1.08617 -0.140495 0.0566116
-0.137086 1.09033 -0.157037 0.0552911
-0.154604 1.06068 -0.224093 0.0753251
-0.156519 1.07816 -0.218378 0.0651054
-0.153646 1.0614 -0.217315 0.0740973
-0.127948 1.11452 -0.130641 0.0540669
0.226173 1.08655 -0.0967048 0.0676423
-0.152806 1.1276 -0.181946 0.0601728
0.202587 1.07125 -0.0818335 0.0693536
-0.140229 1.09667 -0.159629 0.0542161
-0.153126 1.06168 -0.215041 0.0736656
-0.130965 1.10919 -0.135987 0.0535607
-0.110687 1.11533 -0.114264 0.0581664
-0.102729 1.11396 -0.106668 0.0592669
-0.00504889 1.22579 -0.430557 0.0473352
-0.12889 1.11253 -0.132318 0.0538113
-0.141766 1.06392 -0.186264 0.0693878
-0.141698 1.1099 -0.143654 0.0478212
-0.137106 1.11022 -0.146286 0.0528601
-0.170694 1.10965 -0.130538 0.0190838
-0.153527 1.13642 -0.172879 0.0622282
-0.14137 1.11178 -0.152805 0.0531786
-0.135227 1.13098 -0.144751 0.052494
-0.153085 1.12899 -0.182073 0.060658
-0.169875 1.11343 -0.145231 0.0306628
-0.143765 1.1135 -0.156507 0.0537551
-0.135494 1.11009 -0.143841 0.0529503
-0.0884404 1.10906 -0.0981592 0.0650538
-0.129998 1.10507 -0.13663 0.0533577
-0.126136 1.0863 -0.140474 0.0565661
-0.166481 1.10537 -0.115436 0.0183825
-0.155366 1.09476 -0.204039 0.0577486
0.225234 1.0738 -0.326706 0.0155999
-0.0960222 1.09754 -0.110276 0.0622229
-0.108752 1.09991 -0.118023 0.0571624
-0.156749 1.11046 -0.142631 0.0360534
-0.144498 1.06306 -0.200336 0.0680517
-0.134167 1.1273 -0.142816 0.0521492
-0.118199 1.11864 -0.21223 0.0169857
-0.133045 1.09262 -0.148956 0.0544121
-0.153861 1.07787 -0.207406 0.0639177
-0.137207 1.09129 -0.156895 0.0550902
-0.152497 1.06179 -0.211472 0.0731438
-0.153406 1.07064 -0.209594 0.0678131
-0.155574 1.14253 -0.176526 0.0660466
-0.126113 1.08618 -0.140503 0.0566086
-0.159322 1.126 -0.203502 0.0591839
-0.156585 1.0989 -0.206891 0.0573277
-0.157309 1.1054 -0.206064 0.0566436
-0.154922 1.08969 -0.205151 0.0591864
-0.155346 1.09408 -0.204299 0.0579419
-0.131075 1.12481 -0.137007 0.0524115
-0.149779 1.12704 -0.166365 0.0572698
-0.175835 1.11348 -0.135004 0.0199245
-0.1813 1.11542 -0.134962 0.0187238
-0.174223 1.11399 -0.143782 0.0280172
-0.172169 1.11326 -0.143771 0.0287164
-0.172375 1.11339 -0.144052 0.028876
-0.167845 1.11138 -0.140459 0.0280282
-0.169343 1.11172 -0.139571 0.0265475
-0.169629 1.11208 -0.141625 0.0280267
0.0409896 1.2212 -0.44564 0.0523381
-0.14904 1.1231 -0.126271 0.0319809
0.0219201 1.10817 -0.512129 0.0546786
-0.112257 1.13064 -0.116768 0.0462296
-0.140567 1.14627 -0.121139 0.0340327
0.239628 1.07618 -0.0707389 0.0400884
-0.132107 1.14149 -0.118058 0.0392277
-0.150769 1.15716 -0.151187 0.054184
-0.12754 1.11526 -0.12996 0.0541974
-0.121796 1.12763 -0.121259 0.0531521
-0.130114 1.12053 -0.115111 0.0469067
-0.128884 1.13197 -0.13509 0.0531526
-0.158788 1.14666 -0.337945 0.0557813
-0.119068 1.15359 -0.125336 0.0347512
-0.116758 1.13698 -0.096434 0.03866
-0.140851 1.12111 -0.101705 0.035852
-0.131123 1.14011 -0.121312 0.0421774
-0.123871 1.1309 -0.121813 0.050609
-0.128105 1.15547 -0.0932942 0.0192734
0.226526 1.08096 -0.098353 0.0680042
-0.133578 1.14291 -0.120946 0.0396209
-0.133655 1.14311 -0.123864 0.041235
-0.133693 1.14315 -0.119534 0.0386095
-0.133676 1.14321 -0.118679 0.0380916
-0.141395 1.15919 -0.107587 0.0185952
-0.14269 1.16236 -0.104947 0.0147914
-0.134183 1.14356 -0.117077 0.0366882
-0.122441 1.12909 -0.121731 0.0523287
-0.118744 1.12447 -0.100503 0.0509268
0.214791 1.0404 -0.0985885 0.0807442
-0.113216 1.13365 -0.118008 0.0441659
-0.138404 1.14602 -0.111147 0.029654
-0.125621 1.14714 -0.129979 0.0432798
-0.120356 1.14141 -0.123382 0.0424786
-0.117952 1.12475 -0.0977434 0.0505039
-0.112264 1.12428 -0.0884868 0.0510184
-0.120463 1.13336 -0.107298 0.0434725
-0.137273 1.14696 -0.149229 0.0569246
0.0779911 1.03114 -0.0414484 0.0825088
-0.118241 1.14888 -0.0982678 0.0269987
-0.115783 1.14172 -0.0973895 0.0338102
-0.0708091 1.10993 -0.0837779 0.0719361
-0.122144 1.13291 -0.135087 0.0486151
-0.12332 1.16201 -0.104283 0.0161337
-0.116188 1.14066 -0.0941746 0.0351889
0.00286712 1.03486 -0.0625202 0.0783397
-0.118533 1.12258 -0.10728 0.0530858
0.273112 1.16387 -0.194539 0.0676659
-0.120347 1.12705 -0.10686 0.0493946
-0.142117 1.15526 -0.157437 0.0621708
-0.121469 1.1352 -0.137872 0.0468459
0.0116808 1.25021 -0.416127 0.0232768
-0.121005 1.13093 -0.112562 0.0471653
0.0458959 1.23088 -0.447896 0.0472749
-0.117711 1.152 -0.12385 0.0344363
-0.127902 1.13744 -0.13077 0.0503057
-0.127899 1.13258 -0.134152 0.0531751
-0.0997333 1.11411 -0.100737 0.0590665
0.314232 1.07443 -0.325088 0.0263202
-0.103871 1.11486 -0.106001 0.0584434
-0.0837032 1.11349 -0.0803636 0.0659517
-0.0793207 1.10857 -0.0869205 0.069507
-0.113989 1.12497 -0.0893396 0.0504914
-0.116148 1.12553 -0.0914818 0.0500192
-0.126888 1.14157 -0.130534 0.0472575
-0.120911 1.15985 -0.100203 0.0164942
-0.122476 1.12918 -0.122 0.0523762
-0.120827 1.12518 -0.120375 0.0544911
-0.120655 1.12512 -0.120039 0.0544949
-0.139842 1.15168 -0.152826 0.0590909
-0.107755 1.13402 -0.115712 0.0416233
-0.123715 1.13687 -0.125437 0.0477107
-0.122461 1.13035 -0.122272 0.0515055
-0.1236 1.1266 -0.126813 0.0542598
-0.135664 1.1479 -0.144267 0.0538666
-0.0843307 1.13066 -0.149839 0.0223127
-0.111075 1.14278 -0.153308 0.0342571
-0.121634 1.13482 -0.122885 0.0478296
-0.117677 1.15287 -0.123814 0.0338743
-0.00545532 1.20835 -0.450549 0.0627003
-0.117893 1.15208 -0.123965 0.0345432
-0.104501 1.14095 -0.157704 0.0271724
-0.102394 1.13367 -0.139612 0.0346403
-0.117897 1.14374 -0.149002 0.0413597
-0.102102 1.13348 -0.139439 0.0346174
0.00933918 1.22413 -0.417216 0.0287894
0.266577 1.11671 -0.151893 0.0540257
-0.120018 1.12133 -0.12059 0.0567035
-0.079369 1.1063 -0.0928733 0.0703632
-0.0852896 1.10318 -0.102384 0.0678976
-0.0745419 1.11348 -0.107639 0.0571861
-0.0957121 1.10897 -0.105236 0.0624757
-0.0950548 1.10746 -0.106456 0.0631446
-0.112081 1.11758 -0.112879 0.0574616
-0.161812 1.10115 -0.310051 0.067016
-0.119527 1.1217 -0.119069 0.0564854
-0.119121 1.1218 -0.118184 0.0563984
-0.105983 1.11532 -0.108687 0.0583487
-0.127106 1.15022 -0.154088 0.0488126
-0.125719 1.14941 -0.153416 0.0476179
-0.100329 1.15913 -0.212328 0.0312545
-0.161116 1.16266 -0.182453 0.0772518
-0.101699 1.1388 -0.211887 0.0157651
-0.104041 1.13688 -0.210969 0.016938
-0.13287 1.15313 -0.213853 0.0465296
-0.107764 1.1363 -0.209497 0.0203193
-0.103599 1.13302 -0.211651 0.0150637
-0.0883118 1.12277 -0.413005 0.068308
-0.0839378 1.188 -0.438704 0.0394045
-0.0893159 1.1189 -0.41305 0.0702842
-0.0178817 1.18575 -0.43834 0.0592268
-0.0137451 1.11595 -0.474951 0.0646774
-0.0147757 1.11573 -0.474718 0.0645137
0.0185562 1.2303 -0.432869 0.0372476
-0.0429382 1.12237 -0.448996 0.0594906
-0.0421033 1.12561 -0.446471 0.0590008
-0.00408455 1.11779 -0.477058 0.0668754
0.0280099 1.22542 -0.483783 0.050977
-0.115154 1.15095 -0.384177 0.0609107
-0.0979177 1.10158 -0.411707 0.0808685
-0.0126075 1.1162 -0.475204 0.0648761
-0.132912 1.13496 -0.364671 0.0610477
-0.0417991 1.14369 -0.434609 0.0577901
-0.0458064 1.11317 -0.457123 0.0618583
-0.0265278 1.13622 -0.452498 0.0567652
-0.00301784 1.11803 -0.477248 0.0671839
-0.0411467 1.16773 -0.431879 0.0559973
-0.0491456 1.12237 -0.442979 0.0607215
-0.0470048 1.17159 -0.442005 0.0446578
-0.0377777 1.12227 -0.453751 0.0591996
-0.0280109 1.12532 -0.459072 0.0594981
-0.0286784 1.12197 -0.46184 0.060406
-0.0538094 1.11358 -0.448881 0.0628753
0.0127687 1.14929 -0.427092 0.0310854
-0.0397998 1.1426 -0.437196 0.0571368
-0.0567725 1.13945 -0.427465 0.0588476
-0.0606599 1.17475 -0.466732 0.018634
-0.0397356 1.14564 -0.43541 0.057423
-0.14354 1.15077 -0.346325 0.0618882
-0.0144611 1.11989 -0.470622 0.0627333
-0.0850967 1.16415 -0.45369 0.018132
-0.131025 1.12446 -0.368302 0.0636149
-0.00704752 1.11666 -0.524617 0.033207
-0.146099 1.11971 -0.343727 0.0632811
0.0290334 1.22692 -0.483899 0.0501889
0.00784035 1.1206 -0.479577 0.0710482
-0.0376848 1.17123 -0.497862 0.00113364
0.0546103 1.2229 -0.478632 0.0667214
-0.0110892 1.11937 -0.472645 0.0638632
0.0100944 1.12116 -0.480135 0.0720165
-0.0127839 1.12359 -0.468064 0.0616786
0.234147 1.13188 -0.41184 0.0433488
-0.0274798 1.12527 -0.459421 0.0595183
-0.0141356 1.15845 -0.439745 0.0505941
-0.0293992 1.12023 -0.463293 0.0608708
-0.0288514 1.12199 -0.461722 0.0603953
-0.0505655 1.15791 -0.481028 0.0154416
-0.00470356 1.11418 -0.527756 0.0303743
-0.0391661 1.16861 -0.472325 0.022089
-0.119263 1.17069 -0.374823 0.0643828
-0.115481 1.15081 -0.384571 0.0604547
-0.136698 1.1481 -0.357771 0.0605326
0.0563621 1.22286 -0.478545 0.067742
-0.0219313 1.18735 -0.509841 0.0212794
-0.104153 1.18841 -0.383975 0.0691849
-0.130684 1.14361 -0.365444 0.0599878
-0.0200042 1.1266 -0.518748 0.0420946
0.0123793 1.15284 -0.461657 0.0631618
-0.145667 1.17356 -0.341701 0.0704965
-0.155774 1.13486 -0.385047 0.0335709
-0.121784 1.18226 -0.369522 0.0695043
-0.00588401 1.20937 -0.449418 0.0618424
0.0370453 1.13388 -0.47757 0.0794261
-0.0918681 1.15316 -0.404819 0.0601975
-0.0922936 1.14916 -0.405299 0.0605101
-0.160284 1.1355 -0.31683 0.0624178
-0.159311 1.12886 -0.318586 0.0621509
-0.168937 1.11633 -0.326505 0.0517876
-0.152234 1.14537 -0.33428 0.0626086
-0.15588 1.10131 -0.324324 0.0685993
-0.158422 1.10116 -0.325571 0.066131
-0.154362 1.0847 -0.325992 0.0771138
-0.148353 1.12812 -0.340332 0.0616932
0.0386346 1.13077 -0.465919 0.0695775
-0.0367016 1.17067 -0.497641 0.00210476
-0.040743 1.15229 -0.434092 0.0560548
-0.0387599 1.1347 -0.442869 0.0571581
0.0343444 1.2311 -0.484683 0.0488411
-0.0246034 1.13632 -0.453583 0.0567003
-0.146562 1.11968 -0.343089 0.0632397
-0.178878 1.14832 -0.34856 0.0357751
-0.0559202 1.13492 -0.428654 0.0606015
-0.072087 1.1455 -0.418602 0.0584319
-0.0158818 1.11555 -0.474718 0.0642253
-0.144722 1.10856 -0.345749 0.0668553
0.0169947 1.12386 -0.485133 0.0740868
-0.0735758 1.1833 -0.411445 0.0635302
0.235315 1.12421 -0.412108 0.0482921
-0.0412768 1.13042 -0.44351 0.0581111
0.019257 1.12434 -0.485259 0.0754782
-0.0835786 1.11444 -0.416832 0.0723484
-0.0755358 1.20668 -0.406393 0.0769844
0.0210034 1.12396 -0.483207 0.0774331
-0.0875317 1.20965 -0.396353 0.0811372
-0.0865324 1.17566 -0.404159 0.0631862
-0.0860766 1.16352 -0.406829 0.060327
-0.084651 1.18441 -0.404204 0.0661786
0.074594 1.21502 -0.456564 0.0786271
-0.0407089 1.13443 -0.441274 0.0575729
-0.0694911 1.17287 -0.414958 0.0590736
-0.0650066 1.1356 -0.423279 0.0606731
-0.0495859 1.14359 -0.430281 0.0577282
-0.0355125 1.19823 -0.429542 0.0669476
-0.0273725 1.12938 -0.456479 0.0582817
-0.0226732 1.12834 -0.518465 0.043647
-0.0382705 1.13021 -0.446392 0.057672
-0.00853987 1.12676 -0.467907 0.0615122
-0.0346321 1.14477 -0.429613 0.050434
-0.0363377 1.148 -0.436918 0.0568267
-0.0284659 1.15271 -0.441207 0.0563261
0.023889 1.12242 -0.490176 0.074128
0.287559 1.13736 -0.269579 0.0645163
0.0413207 1.19803 -0.467315 0.0764408
0.0170506 1.12293 -0.482035 0.0753307
-0.0338061 1.19997 -0.431011 0.0670455
0.0446388 1.21802 -0.4488 0.0571271
-0.0194516 1.11962 -0.541232 0.0211221
-0.0280516 1.12816 -0.529222 0.0371032
-0.00221379 1.1576 -0.451995 0.0571142
0.28252 1.09337 -0.350421 0.0612488
-0.00576015 1.139 -0.418038 0.0217351
0.00495844 1.15688 -0.455861 0.0594952
-0.0103853 1.16236 -0.543243 0.0166776
-0.00497664 1.15316 -0.418109 0.0277976
-0.00462778 1.15188 -0.415207 0.0249579
0.237179 1.13008 -0.41341 0.0424204
0.0405018 1.19756 -0.467698 0.0766985
-0.00708204 1.1562 -0.450314 0.0560064
0.000771933 1.20635 -0.498218 0.0469687
0.00368739 1.20056 -0.515879 0.0327734
0.0362993 1.16712 -0.529288 0.0290388
0.0271431 1.1403 -0.438198 0.0418954
0.0342183 1.15958 -0.530461 0.0302456
0.0469772 1.1134 -0.480195 0.0842564
0.0435511 1.17084 -0.510092 0.0443253
0.00491917 1.15691 -0.45583 0.0594795
-0.0323063 1.15536 -0.468728 0.0321297
-0.0389306 1.20676 -0.42874 0.0705591
-0.0404297 1.17149 -0.486181 0.00868343
-0.0262513 1.15399 -0.442315 0.0564219
0.0212423 1.14077 -0.472615 0.0711876
-0.0178472 1.13653 -0.456948 0.0567203
-0.0102833 1.13183 -0.463853 0.0591912
-0.0355433 1.16124 -0.473758 0.0242195
-0.0237311 1.14027 -0.451806 0.056076
-0.0395135 1.16904 -0.481979 0.0131725
0.210234 1.14611 -0.424146 0.0436788
-0.0300871 1.177 -0.436256 0.0575322
-0.0301859 1.15676 -0.450705 0.0470611
-0.026638 1.148 -0.44753 0.054434
-0.0259743 1.14572 -0.44779 0.0555355
-0.0257791 1.14529 -0.447663 0.0559142
-0.0386191 1.1678 -0.471344 0.0232769
-0.0259623 1.14767 -0.446063 0.0559699
-0.0260061 1.14812 -0.445785 0.055975
-0.0234474 1.15521 -0.442959 0.0560142
-0.0161204 1.15981 -0.444348 0.0556156
-0.0111642 1.15542 -0.448721 0.055459
-0.0308892 1.15818 -0.451762 0.0454455
-0.0428899 1.17622 -0.478013 0.016263
-0.0390003 1.16848 -0.472036 0.0224293
-0.0255221 1.14436 -0.44837 0.0559013
0.000429878 1.15188 -0.456299 0.0579185
0.0363733 1.25256 -0.495478 0.0289677
0.256902 1.04438 -0.321671 0.037469
0.290123 1.05131 -0.333285 0.024254
0.279077 1.12864 -0.301152 0.0649626
0.000543219 1.1504 -0.414504 0.0215475
-0.00167122 1.20769 -0.453619 0.0623817
0.0222216 1.25901 -0.434715 0.0105454
0.0237001 1.26622 -0.418626 0.00776019
0.022644 1.22038 -0.441721 0.0471288
0.0476304 1.21917 -0.448719 0.0577387
0.0389264 1.22691 -0.482442 0.0546828
0.283044 1.1027 -0.315368 0.0679592
0.023192 1.25797 -0.501273 0.0177617
0.279776 1.04532 -0.349401 0.0170659
0.0644766 1.2165 -0.477844 0.0766598
0.0531365 1.21572 -0.478358 0.0707914
0.0476347 1.20562 -0.476397 0.0752063
0.0197142 1.21598 -0.482318 0.0563366
0.0645094 1.22643 -0.477584 0.0703848
-0.0115613 1.22895 -0.490834 0.048843
0.0416607 1.22742 -0.481879 0.0557507
0.0389762 1.22906 -0.482983 0.0529141
0.0522914 1.25013 -0.492273 0.0417384
0.0521926 1.21628 -0.478615 0.0698106
0.0181514 1.22956 -0.486484 0.0447735
0.0091689 1.15251 -0.440369 0.0438335
0.0417415 1.23263 -0.433576 0.0395955
0.0265586 1.13884 -0.533769 0.0411254
0.0355132 1.15721 -0.54316 0.0220861
-0.0356779 1.19881 -0.429385 0.0672682
0.0181369 1.14474 -0.421564 0.0261808
0.0261485 1.13952 -0.475714 0.0750792
0.0252475 1.1373 -0.4767 0.0751927
0.0250142 1.13679 -0.476954 0.0752044
0.0336353 1.1362 -0.476694 0.0778268
0.0120829 1.1498 -0.429659 0.0334851
-0.00520097 1.15878 -0.533009 0.0244792
0.0223049 1.14768 -0.46936 0.0700528
0.0223319 1.14227 -0.536522 0.0361402
0.0375473 1.19677 -0.468144 0.0766469
0.0223173 1.12844 -0.48103 0.0763195
-0.0054638 1.20835 -0.450538 0.0627035
-0.00324283 1.1519 -0.415636 0.0246369
0.000309043 1.1555 -0.403426 0.0139963
-0.000196726 1.15503 -0.404928 0.0152232
0.246243 1.05012 -0.126807 0.0781402
0.0252159 1.19797 -0.465304 0.0721939
0.000266714 1.1516 -0.417427 0.0244933
0.0220211 1.18885 -0.46133 0.0687945
-0.0353625 1.20584 -0.431441 0.0689578
0.240519 1.07736 -0.324664 0.0266279
0.0412485 1.19706 -0.462435 0.0719924
0.072942 1.21399 -0.457971 0.0787696
0.0730749 1.21391 -0.458525 0.0791106
0.06074 1.21635 -0.453522 0.0682367
0.0616805 1.21618 -0.453866 0.0690168
0.0618235 1.21624 -0.453784 0.0690203
0.0101458 1.1784 -0.426886 0.0372593
0.143909 1.1914 -0.436694 0.067902
0.0127345 1.22041 -0.43961 0.0468078
-0.00561347 1.20839 -0.450464 0.0627019
0.155609 1.13941 -0.434768 0.0647697
0.251356 1.03792 -0.32012 0.0384705
0.182148 1.20753 -0.408712 0.0811451
0.277332 1.08464 -0.334867 0.0559929
0.236691 1.12883 -0.385117 0.0549323
0.286319 1.19022 -0.224968 0.0369689
0.0376596 1.13309 -0.477901 0.0798012
0.275083 1.17077 -0.167984 0.0782722
0.216801 1.02576 -0.278232 0.0763352
0.267056 1.11224 -0.155286 0.0526716
0.241048 1.15947 -0.357213 0.0633622
0.281009 1.05166 -0.345475 0.0240739
0.28093 1.1569 -0.247812 0.0622569
0.284275 1.1523 -0.35181 0.0429571
0.287496 1.15545 -0.354299 0.0401221
0.280217 1.09324 -0.357214 0.0603083
0.27601 1.08385 -0.336169 0.0546041
0.0116176 1.25055 -0.415946 0.0231599
0.196969 1.18085 -0.408775 0.0644019
0.0903573 1.22269 -0.452165 0.0841112
0.0918034 1.2221 -0.45706 0.0870162
0.0364148 1.16791 -0.529182 0.0289347
0.0791216 1.21144 -0.462952 0.0811619
0.03212 1.11971 -0.489286 0.0785372
0.243476 1.07798 -0.352041 0.0243877
0.0697354 1.22493 -0.445617 0.0654196
0.285182 1.04682 -0.350567 0.0183366
0.0355974 1.11847 -0.483817 0.0822971
0.276324 1.08278 -0.331791 0.0555211
0.0359615 1.117 -0.484201 0.0826529
0.0363344 1.11661 -0.484167 0.0827471
0.0440745 1.10843 -0.483832 0.0852423
0.0468538 1.10547 -0.483815 0.0864206
0.0392067 1.11234 -0.48942 0.080339
0.0240369 1.14146 -0.536786 0.0374591
0.0855348 1.22075 -0.451859 0.081345
0.102571 1.18073 -0.455388 0.0645459
0.0560509 1.15153 -0.474601 0.0699753
0.00386313 1.18464 -0.449835 0.0606338
0.226338 1.08086 -0.330287 0.0130675
0.211858 1.07771 -0.335066 0.00501946
0.0744011 1.21237 -0.463847 0.0820068
0.0786949 1.2097 -0.463182 0.0801516
0.0913768 1.22186 -0.457315 0.0868902
0.036743 1.16716 -0.530531 0.0277608
0.063807 1.20682 -0.467437 0.079782
0.0563924 1.14788 -0.474824 0.070588
0.0874215 1.21972 -0.459286 0.085689
0.0809899 1.21639 -0.461931 0.0840089
0.023738 1.14186 -0.537161 0.0369603
0.0179586 1.1536 -0.545242 0.0246365
0.0806631 1.2275 -0.476306 0.0810278
0.28431 1.04741 -0.349085 0.0190713
0.0795871 1.22667 -0.475969 0.080858
0.0356214 1.16564 -0.530316 0.0286157
0.0795377 1.21542 -0.462541 0.0835884
0.0429665 1.15734 -0.476398 0.0732074
0.055873 1.1336 -0.476016 0.0750455
0.0809736 1.22755 -0.475675 0.0814259
0.0723493 1.22159 -0.476873 0.0784683
0.0594089 1.21273 -0.477909 0.076219
0.0508483 1.20485 -0.476308 0.077209
0.0204898 1.20458 -0.402447 0.0111641
0.309411 1.10665 -0.356475 0.0339338
0.228733 1.08025 -0.330625 0.0141462
0.240081 1.14023 -0.41583 0.0326755
0.23869 1.13682 -0.414561 0.0363289
0.242675 1.14121 -0.416352 0.0302528
0.276642 1.07452 -0.329717 0.0495615
0.246054 1.14781 -0.391727 0.0357349
0.182344 1.17791 -0.411587 0.066648
0.322847 1.14259 -0.326824 0.033808
-0.00546073 1.12025 -0.0462709 0.0790333
0.250844 1.03373 -0.311009 0.047584
-0.0143929 1.18333 -0.430262 0.0506624
0.0276606 1.18315 -0.424306 0.0351786
0.153564 1.1587 -0.434569 0.0613877
0.0162096 1.17135 -0.405116 0.0173773
-0.00270198 1.17403 -0.403687 0.0242744
0.286173 1.15501 -0.352425 0.0421668
0.284623 1.151 -0.238686 0.0630371
0.296238 1.13583 -0.328739 0.0508347
0.315101 1.07931 -0.25548 0.0538128
0.281574 1.17893 -0.202372 0.0520382
0.207115 1.11115 -0.157594 0.0086937
0.206581 1.11109 -0.157866 0.00823526
0.0117709 1.11927 -0.0444539 0.0779651
0.235075 1.11132 -0.130457 0.0455522
0.139335 1.02782 -0.0580376 0.0799227
0.283389 1.11965 -0.281397 0.0647921
0.0483379 1.11413 -0.0373706 0.0794159
-0.0089638 1.04053 -0.0668549 0.0755764
0.281927 1.17955 -0.205078 0.0504819
0.280899 1.18185 -0.229409 0.0438008
0.282681 1.1762 -0.227007 0.0495728
0.23826 1.10146 -0.105639 0.0660652
0.245545 1.07882 -0.119214 0.0656361
0.292948 1.14484 -0.208153 0.0683256
0.231444 1.10173 -0.144823 0.0337624
0.282273 1.15621 -0.254635 0.0628536
0.317405 1.07082 -0.26257 0.0570522
0.323177 1.07141 -0.263636 0.0527281
0.281417 1.15686 -0.248424 0.0626149
0.248505 1.16029 -0.232084 0.0444077
0.237023 1.14985 -0.361883 0.0624835
0.293898 1.12475 -0.321061 0.054603
0.306033 1.14527 -0.354605 0.0291514
0.293618 1.14257 -0.215658 0.0666953
0.293421 1.14339 -0.212558 0.0672964
0.004751 1.09411 -0.0498 0.0682609
0.281184 1.1457 -0.32324 0.0671044
0.281384 1.15644 -0.245543 0.0627301
0.286318 1.09976 -0.272807 0.0696437
0.292597 1.14203 -0.208229 0.0670112
0.266179 1.1289 -0.146977 0.0585287
0.284515 1.15191 -0.258293 0.0633695
0.293681 1.14191 -0.218807 0.0661744
0.260915 1.13287 -0.128185 0.0665836
0.0334973 1.09176 -0.0436603 0.0693361
0.314845 1.0985 -0.309413 0.0414947
0.236676 1.08248 -0.347524 0.017089
0.303852 1.1524 -0.327973 0.0509749
0.296087 1.14249 -0.325828 0.0540779
0.285387 1.08651 -0.271492 0.0740311
0.21538 1.06991 -0.321181 0.0163293
0.283982 1.09649 -0.342224 0.0624114
0.248651 1.07983 -0.349675 0.0289712
0.251639 1.08037 -0.34777 0.0314827
0.283528 1.09532 -0.345042 0.0619088
0.266047 1.08647 -0.359106 0.0473366
0.308267 1.15004 -0.328264 0.0469633
0.279524 1.04679 -0.343328 0.0206165
0.271133 1.10302 -0.367554 0.0570653
0.246106 1.19432 -0.348573 0.0767272
0.283456 1.13384 -0.282119 0.0632404
0.298264 1.13232 -0.331848 0.0469801
0.292791 1.14331 -0.208304 0.0676011
0.290474 1.15976 -0.325957 0.063622
0.318679 1.08377 -0.27705 0.0457009
0.353791 1.12539 -0.299592 0.00345426
0.318483 1.13889 -0.325689 0.0353032
0.291621 1.12479 -0.260269 0.0664893
0.278507 1.11659 -0.301738 0.0673322
0.282423 1.11916 -0.284372 0.0649883
0.32276 1.0931 -0.291431 0.0371591
0.289526 1.10053 -0.22935 0.0612616
0.334759 1.09709 -0.311258 0.0268411
0.323638 1.09292 -0.291209 0.0364749
0.282287 1.09286 -0.281857 0.0730302
0.239561 1.07734 -0.324934 0.0257403
0.283348 1.14986 -0.193785 0.0665625
0.288445 1.08719 -0.222504 0.0638911
0.241388 1.07738 -0.348028 0.0216648
0.278665 1.16186 -0.194299 0.0700956
0.274778 1.08894 -0.145307 0.0482373
0.289005 1.09846 -0.216304 0.0600699
0.278637 1.16189 -0.194054 0.0701756
0.211955 1.11134 -0.159421 0.0105973
0.279485 1.15951 -0.22283 0.0622065
0.277119 1.16833 -0.173791 0.0761431
0.29131 1.12337 -0.216152 0.0604648
0.263177 1.06946 -0.151305 0.0666895
0.282553 1.15894 -0.195884 0.0704526
0.326094 1.14274 -0.326822 0.0319057
0.214941 1.11264 -0.153796 0.0163802
0.27624 1.15705 -0.240276 0.0594713
0.290644 1.11347 -0.221871 0.0594904
0.205179 1.10413 -0.161468 0.00312912
0.202831 1.10946 -0.154188 0.00799829
0.277382 1.16634 -0.180666 0.0734471
0.283268 1.15847 -0.194222 0.0712005
-0.00805398 1.07819 -0.0568154 0.0658949
0.202614 1.10931 -0.154694 0.0074767
-0.00224791 1.06751 -0.0574019 0.0667368
0.206932 1.11111 -0.157733 0.00849887
0.249475 1.10168 -0.123106 0.0609071
0.146983 1.05075 -0.0549228 0.0721567
0.284984 1.14949 -0.246216 0.0633336
0.273237 1.15789 -0.236433 0.0575703
0.211956 1.05043 -0.0937216 0.0754774
0.201989 1.10774 -0.151287 0.0096256
0.202277 1.10798 -0.150751 0.0102308
0.256946 1.11968 -0.12499 0.0634111
0.216443 1.1081 -0.130694 0.0334583
0.25847 1.12445 -0.126038 0.0643546
0.230618 1.04442 -0.110298 0.0812981
0.219544 1.10823 -0.124873 0.0398968
0.224987 1.1077 -0.118854 0.0478533
0.228337 1.10988 -0.10706 0.0593433
0.21839 1.0921 -0.0878059 0.0689088
0.207007 1.0824 -0.12622 0.0363277
0.0328027 1.06105 -0.0475642 0.0698719
0.220721 1.10766 -0.0866396 0.0715723
0.230619 1.04441 -0.110303 0.0813073
0.0600295 1.08243 -0.0382225 0.0711997
0.17082 1.08439 -0.0569897 0.0722013
-0.0150279 1.03485 -0.071069 0.0784875
0.0596887 1.08481 -0.0381097 0.0714172
0.0249883 1.11741 -0.0426482 0.0776685
0.290789 1.1357 -0.131314 0.0460236
0.0244429 1.08497 -0.0469132 0.0673282
0.00304153 1.08775 -0.0514454 0.0669746
0.153609 1.06929 -0.0519951 0.0710167
0.281768 1.05277 -0.346465 0.0248123
0.301494 1.09094 -0.148446 0.0235398
0.206567 1.07443 -0.332753 0.00855631
0.266012 1.12502 -0.147298 0.0572346
0.306097 1.116 -0.151555 0.017178
0.266159 1.12652 -0.147467 0.0576143
0.23415 1.10963 -0.0996185 0.0686771
0.302353 1.1063 -0.140362 0.0202339
0.263511 1.14283 -0.131076 0.070221
0.204509 1.12289 -0.0690028 0.0820236
0.270516 1.08395 -0.146655 0.0537804
0.226986 1.08354 -0.0981025 0.0677086
0.279743 1.04523 -0.349457 0.0169581
0.272579 1.07211 -0.31673 0.0550629
0.205401 1.06641 -0.0849241 0.0700337
0.0580773 1.11399 -0.0369097 0.0797518
0.224215 1.10351 -0.0912123 0.0694523
0.225585 1.09722 -0.0939135 0.0680872
0.0511849 1.08422 -0.0390143 0.0714634
0.225713 1.09277 -0.0949674 0.0677135
0.229931 1.11401 -0.0944916 0.0709035
0.0278001 1.04345 -0.0519321 0.0753782
0.0408767 1.03639 -0.0470231 0.079961
0.140802 1.07833 -0.0144339 0.0496953
0.0636588 1.0572 -0.0391713 0.0736072
0.199209 1.06732 -0.0811182 0.0694832
0.193916 1.08659 -0.071361 0.070446
0.298214 1.05023 -0.344397 0.0163992
0.0512094 1.08389 -0.039034 0.0714403
0.069594 1.03856 -0.0395936 0.0802557
-0.000383299 1.10472 -0.0484823 0.071571
-0.0103505 1.03476 -0.0691039 0.0786149
0.0602538 1.10009 -0.0375603 0.0743219
0.101592 1.02408 -0.0449492 0.0854354
0.0583783 1.11039 -0.0370469 0.0781865
0.159337 1.07995 -0.0511113 0.0725725
0.137477 1.07853 -0.0233722 0.0571102
0.104189 1.02747 -0.0450057 0.0834249
0.101749 1.02266 -0.0452253 0.0861907
0.105938 1.03031 -0.0450255 0.0818441
0.0115649 1.07953 -0.0509264 0.0662411
0.157108 1.0525 -0.0604217 0.0711896
0.0215788 1.12735 -0.0420386 0.0828936
0.0717596 1.11983 -0.0376632 0.0806671
-0.00699591 1.09615 -0.0521318 0.0686968
-0.00415586 1.05999 -0.059862 0.0682059
0.0706263 1.05165 -0.0393316 0.0744458
-0.00983641 1.04516 -0.0660303 0.0733716
0.130088 1.06916 -0.0432727 0.0713468
0.123503 1.11598 -0.0419429 0.0783338
0.139774 1.08884 -0.0416192 0.0747401
0.0654987 1.0716 -0.0386326 0.0706326
0.0682989 1.05654 -0.03904 0.0732297
0.0277253 1.04362 -0.0519364 0.0752962
0.164119 1.09546 -0.0482669 0.0774942
0.283964 1.09644 -0.342354 0.0623894
0.153104 1.06833 -0.052054 0.0709521
0.0696563 1.03486 -0.0397144 0.0821335
0.0305576 1.06763 -0.0475024 0.0683786
0.0706459 1.04067 -0.0396682 0.0790244
0.162455 1.07783 -0.0541624 0.071422
0.192837 1.03395 -0.0892237 0.0798137
0.187963 1.10124 -0.0625843 0.0757927
0.158435 1.0783 -0.0512694 0.0722233
0.00803804 1.06175 -0.0552199 0.0677967
0.0169531 1.1056 -0.0457286 0.0719733
0.282926 1.09239 -0.280465 0.0730493
0.273105 1.07194 -0.318143 0.0540013
0.283822 1.08378 -0.271982 0.0743951
0.193783 1.08691 -0.071172 0.0705229
0.153144 1.07116 -0.0512633 0.0711002
0.0276411 1.04287 -0.0521024 0.0756071
0.0237279 1.0227 -0.0572201 0.0860642
0.305831 1.08466 -0.275558 0.0559785
0.15925 1.06646 -0.056461 0.0702555
0.156549 1.05539 -0.0588525 0.070906
0.185375 1.0664 -0.0730768 0.0690087
0.158719 1.07463 -0.0528073 0.0714442
0.247991 1.11089 -0.115794 0.0647976
0.182057 1.11592 -0.053638 0.084665
0.224436 1.07589 -0.341269 0.00551386
0.20891 1.07084 -0.332873 0.0114803
0.169257 1.09161 -0.0532378 0.0750316
0.16672 1.10379 -0.0466953 0.0813673
0.145503 1.101 -0.0401533 0.0793629
0.187496 1.07735 -0.0707047 0.069138
0.193398 1.11695 -0.0625522 0.081683
0.283953 1.0918 -0.278226 0.0730744
0.189444 1.04858 -0.0820118 0.0729177
0.17038 1.09404 -0.053231 0.075802
0.270014 1.07087 -0.330903 0.0454159
0.305305 1.09314 -0.287715 0.0522682
0.283431 1.10231 -0.317643 0.0673747
0.238095 1.10762 -0.104032 0.0673074
0.245185 1.08196 -0.118064 0.0649644
0.24613 1.11051 -0.113343 0.0651806
0.251138 1.09553 -0.124603 0.061941
0.256247 1.11765 -0.124607 0.0630524
0.250448 1.1017 -0.121949 0.0623826
0.25347 1.14253 -0.112456 0.0760918
0.256644 1.11486 -0.125914 0.0621044
0.237015 1.10729 -0.103138 0.0674673
0.228944 1.07649 -0.101332 0.0684652
0.249509 1.10539 -0.119421 0.0631923
0.251494 1.13113 -0.113547 0.0706304
0.232555 1.11185 -0.0973349 0.0697388
0.247902 1.11118 -0.115612 0.0648882
0.252194 1.13829 -0.111848 0.0741409
0.232489 1.11148 -0.0973983 0.0696614
0.232682 1.11131 -0.0976457 0.0695543
0.237909 1.0992 -0.105858 0.0658344
0.239162 1.08636 -0.110398 0.0652415
0.322765 1.09446 -0.294079 0.036619
0.332997 1.09592 -0.307031 0.0270055
0.260691 1.15925 -0.234221 0.0498492
0.331673 1.09439 -0.301802 0.027484
0.331965 1.09029 -0.288807 0.0298572
0.270397 1.17235 -0.169416 0.0762209
0.283522 1.15831 -0.193353 0.0715732
0.293577 1.14108 -0.224279 0.0655277
0.291817 1.13405 -0.209989 0.0636439
0.315811 1.14707 -0.215661 0.0528584
0.329415 1.09745 -0.306922 0.0303659
0.272011 1.15837 -0.235053 0.05675
0.304184 1.09257 -0.195308 0.0430685
0.293012 1.13503 -0.242306 0.0653708
0.286065 1.09546 -0.344297 0.0606825
0.286529 1.09512 -0.345064 0.0602494
0.313215 1.09217 -0.340239 0.0428373
0.284345 1.10038 -0.327233 0.0650417
0.284251 1.10119 -0.323836 0.065949
0.292601 1.14178 -0.208207 0.0668625
0.319744 1.13487 -0.248861 0.0450994
0.302049 1.11926 -0.317136 0.0469297
0.3285 1.09735 -0.305824 0.0310093
0.283164 1.10263 -0.316027 0.0677967
0.32589 1.13605 -0.24791 0.0409579
0.314039 1.0939 -0.290698 0.0442835
0.317836 1.096 -0.322532 0.0383893
0.325686 1.12895 -0.248678 0.0372462
0.291198 1.1232 -0.261433 0.0663319
0.328177 1.08311 -0.254021 0.0415477
0.329545 1.13689 -0.246891 0.0387408
0.321368 1.08387 -0.277352 0.0435469
0.270361 1.07863 -0.356883 0.044804
0.315533 1.09499 -0.331449 0.040781
0.33053 1.08977 -0.286082 0.0323114
0.323357 1.0931 -0.291464 0.036666
0.320596 1.09403 -0.331542 0.0375458
0.296365 1.09904 -0.326698 0.0554225
0.284385 1.09904 -0.331777 0.0639812
0.323093 1.09345 -0.292194 0.0367282
0.319374 1.10635 -0.25189 0.0391752
0.27219 1.16215 -0.215785 0.0593157
0.287467 1.0728 -0.230442 0.0716919
0.277944 1.16212 -0.194167 0.0698289
0.291894 1.13705 -0.208259 0.0648709
0.281435 1.09315 -0.32282 0.0625886
0.293482 1.14026 -0.227527 0.065229
0.292955 1.13549 -0.240787 0.0653072
0.288185 1.14508 -0.239554 0.063684
0.27955 1.16147 -0.205008 0.0665193
0.279774 1.1614 -0.203281 0.0671727
0.292515 1.14144 -0.208234 0.0667414
0.267391 1.10982 -0.157122 0.0521021
0.29199 1.09563 -0.338905 0.05687
0.292981 1.14477 -0.208288 0.0682967
0.263671 1.16446 -0.211507 0.0565239
0.280709 1.15634 -0.237783 0.0625357
0.283681 1.1583 -0.192943 0.0716889
0.285948 1.1476 -0.247415 0.0635363
0.287252 1.07816 -0.24229 0.0717236
0.282264 1.15431 -0.243101 0.0630138
0.287966 1.14536 -0.240172 0.0636242
0.289319 1.13992 -0.252152 0.0647619
0.281095 1.15601 -0.241762 0.0628595
0.281103 1.15599 -0.241964 0.0628746
0.291891 1.13659 -0.20852 0.0646835
0.283805 1.15805 -0.193316 0.0716344
0.289429 1.11389 -0.207846 0.0587978
0.283692 1.15817 -0.19333 0.0716214
0.289383 1.11009 -0.209923 0.0586837
0.284065 1.0968 -0.340651 0.0625451
0.289709 1.08931 -0.258383 0.0711174
0.291515 1.12346 -0.260192 0.0663598
0.294398 1.12748 -0.205717 0.0578316
0.292013 1.12705 -0.259066 0.0666991
0.292972 1.13539 -0.241073 0.0653193
0.28438 1.09886 -0.332307 0.0638666
0.28114 1.09267 -0.320652 0.0629188
0.28197 1.15481 -0.238066 0.0627238
0.279245 1.16042 -0.217338 0.0630263
0.283769 1.15814 -0.193204 0.0716641
0.267029 1.16841 -0.187072 0.0675412
0.271833 1.07881 -0.178272 0.0589703
0.272255 1.08118 -0.178778 0.0577816
0.271997 1.0824 -0.177858 0.0571265
0.297515 1.09299 -0.284739 0.0595322
0.315465 1.09837 -0.310104 0.0409111
0.304098 1.09936 -0.311238 0.0499201
0.310571 1.07089 -0.261342 0.0619818
0.288422 1.07498 -0.259305 0.0777302
0.287916 1.07087 -0.257308 0.0792832
0.285148 1.08798 -0.27309 0.0736883
0.296502 1.07245 -0.258874 0.072387
0.31756 1.12722 -0.318733 0.0324338
0.284152 1.10172 -0.322549 0.0663199
0.237326 1.07677 -0.325118 0.0238944
0.252373 1.08022 -0.345765 0.0319188
0.282022 1.10166 -0.311494 0.0684778
0.209236 1.07843 -0.339911 0.00521667
0.266447 1.08205 -0.340497 0.0450648
0.205496 1.07311 -0.33252 0.0101445
0.205497 1.07313 -0.332526 0.0101307
0.205493 1.07312 -0.332519 0.0101396
0.207243 1.07935 -0.338127 0.00349943
0.207986 1.07681 -0.338194 0.00566312
0.206527 1.07608 -0.335321 0.00643313
0.255618 1.08055 -0.34468 0.0348405
0.330084 1.09435 -0.324747 0.0308528
0.252413 1.07182 -0.351249 0.0269046
0.23557 1.06118 -0.312311 0.0345054
0.250282 1.08061 -0.350065 0.030659
0.238047 1.08225 -0.346016 0.0179717
0.279409 1.08848 -0.329383 0.0587977
0.281565 1.09355 -0.322263 0.0629111
0.238874 1.07663 -0.347466 0.0192189
0.251197 1.07686 -0.329215 0.0333284
0.238923 1.07566 -0.34265 0.018733
0.239063 1.07617 -0.345192 0.0189938
0.236361 1.0744 -0.343017 0.0160239
0.236768 1.07821 -0.326054 0.0228743
0.237717 1.07796 -0.325704 0.0238225
0.269611 1.0841 -0.345937 0.0480601
0.264276 1.08061 -0.337632 0.0432151
0.274032 1.07856 -0.318668 0.0574265
0.270462 1.06856 -0.304021 0.0611832
0.282169 1.09911 -0.31482 0.06677
0.270875 1.11003 -0.359661 0.0559665
0.274154 1.09295 -0.372415 0.0604868
0.25299 1.04331 -0.32826 0.0310062
0.288809 1.06785 -0.297603 0.0543102
0.288718 1.06718 -0.29668 0.0547365
0.280506 1.05554 -0.342844 0.0281142
0.268846 1.07333 -0.348537 0.0404483
0.270019 1.07088 -0.330907 0.0454215
0.274925 1.07837 -0.32689 0.0541011
0.250844 1.03374 -0.311006 0.0475868
0.282794 1.07481 -0.344689 0.044754
0.270019 1.07088 -0.330908 0.045421
0.275625 1.08451 -0.339796 0.0538907
