0.00184765 1.04439 -0.247655 0.022057
0.0885787 1.01841 -0.23968 0.0368441
-0.0227994 1.23322 -0.279716 0.0646888
0.0120686 1.1545 -0.260488 0.101178
0.108286 1.27197 -0.344628 0.088681
0.0668908 1.2297 -0.221681 0.115979
0.180162 1.11971 -0.213147 0.0635922
0.246888 1.21448 -0.266199 0.0587727
0.0144848 1.28644 -0.30483 0.0591278
0.09872 1.26629 -0.339755 0.0947207
0.0974111 1.27101 -0.281713 0.1008
0.0462527 1.07579 -0.229777 0.0694787
0.189373 1.2099 -0.213798 0.0770539
0.175747 1.13076 -0.258767 0.0944733
0.103621 1.25427 -0.179039 0.0812701
0.0868741 1.10967 -0.221132 0.108579
0.123443 1.30486 -0.195127 0.0423469
-0.0133974 1.25356 -0.351305 0.0487928
0.220222 1.10706 -0.304581 0.0440782
0.105623 1.2681 -0.341028 0.092354
-0.0216029 1.22288 -0.321236 0.0534609
-0.0139489 1.14716 -0.252569 0.0758738
0.0621952 1.06087 -0.34287 0.0345802
0.0594035 1.01032 -0.266877 0.0147908
0.131145 1.28863 -0.225285 0.0670729
0.0544558 1.0725 -0.32724 0.0544675
0.15704 1.12598 -0.247299 0.101837
0.0322768 1.02251 -0.233747 0.0177999
0.0385273 1.03364 -0.315455 0.0400895
0.169997 1.28449 -0.165943 0.0212671
0.0374252 1.06742 -0.323543 0.0589225
-0.00777948 1.13935 -0.251228 0.0759623
0.193592 1.10818 -0.24414 0.0801143
0.023517 1.06852 -0.258405 0.05513
0.0981298 1.23639 -0.193674 0.0999766
0.0466131 1.12531 -0.220963 0.101924
0.0727838 1.01013 -0.259808 0.014255
-0.0250543 1.14348 -0.206064 0.0440791
0.123075 1.17636 -0.282318 0.141009
0.0395427 1.0705 -0.315553 0.0640569
0.0289791 1.10191 -0.206166 0.0755261
-0.0602728 1.23339 -0.352219 0.00535732
-0.0426343 1.13087 -0.227566 0.035045
0.0441795 1.18152 -0.134758 0.0558591
-0.00712004 1.15094 -0.258077 0.0853388
-0.0338409 1.14124 -0.27768 0.0778493
-0.00827492 1.12331 -0.27836 0.0819952
0.0520749 1.12145 -0.221486 0.104083
0.172912 1.28788 -0.258323 0.0456804
-0.00981947 1.15075 -0.257095 0.0828525
-0.0122164 1.15068 -0.255968 0.0805249
0.103304 1.2107 -0.17684 0.104387
-0.0330737 1.14483 -0.211291 0.038222
0.0415481 1.2 -0.184013 0.0916222
0.0788319 1.17604 -0.218529 0.117956
0.0288359 1.1165 -0.208964 0.0822961
0.0463604 1.12035 -0.218812 0.098869
0.0633925 1.15797 -0.247967 0.137901
-0.0499459 1.1387 -0.278289 0.0719791
-0.0106597 1.14926 -0.279828 0.0896792
0.0165431 1.24169 -0.237762 0.106594
0.229619 1.13192 -0.178625 0.0092729
0.00278058 1.18706 -0.331573 0.0805685
-0.0575789 1.23635 -0.340374 0.0134493
-0.0589117 1.2368 -0.340586 0.0123901
-0.00632421 1.15097 -0.258556 0.0861595
-0.0257472 1.24738 -0.326591 0.0360373
0.0936642 1.24285 -0.320296 0.115152
0.113701 1.10302 -0.205117 0.0915565
0.0137014 1.23343 -0.334312 0.0771434
-0.0451534 1.14888 -0.24824 0.0551492
0.0243097 1.1581 -0.280549 0.115637
-0.042652 1.2328 -0.335477 0.0276493
-0.0428365 1.18427 -0.309185 0.055726
0.0385024 1.19498 -0.293304 0.122993
0.0244169 1.12542 -0.276884 0.102436
-0.0572953 1.2374 -0.335308 0.0156485
-0.0282132 1.14965 -0.252013 0.067279
-0.0279754 1.14967 -0.25205 0.067455
-0.0164307 1.14405 -0.276805 0.0871184
0.0194089 1.19481 -0.151165 0.0592979
0.100739 1.27786 -0.369213 0.0878082
-0.025018 1.25255 -0.353596 0.0388731
0.116128 1.2758 -0.324004 0.0815011
0.0442312 1.28879 -0.256865 0.0729916
0.138522 1.29902 -0.329818 0.0548263
0.16535 1.10902 -0.389411 0.0180162
0.142377 1.20123 -0.401717 0.0405622
0.0396885 1.20589 -0.308568 0.114472
0.104432 1.24962 -0.173797 0.0833051
0.137265 1.09804 -0.185279 0.068898
0.0301174 1.21557 -0.319186 0.100124
0.16264 1.21993 -0.410022 0.0340867
-0.0203939 1.24446 -0.326255 0.0420681
0.0885695 1.24858 -0.282296 0.121682
0.102889 1.27087 -0.356483 0.0922525
0.0615889 1.03834 -0.249496 0.0403488
0.211375 1.21536 -0.278838 0.0798118
0.118532 1.18184 -0.272085 0.150427
0.114938 1.10099 -0.382731 0.0535093
0.205554 1.12467 -0.204969 0.0420779
0.168234 1.15099 -0.324621 0.0866459
0.070486 1.26499 -0.182943 0.0673211
0.14713 1.22609 -0.386749 0.0589119
0.217517 1.10923 -0.260371 0.0616354
0.132945 1.20356 -0.231787 0.124103
0.266359 1.14379 -0.285937 0.017384
0.0786287 1.19938 -0.241227 0.148226
0.10814 1.28525 -0.283622 0.0841573
0.090287 1.27928 -0.302733 0.0891857
0.0592621 1.23344 -0.223979 0.11547
0.106412 1.25333 -0.168461 0.0792254
0.141899 1.30585 -0.298785 0.0482113
0.0698101 1.1964 -0.167202 0.0883176
0.0571359 1.18684 -0.136499 0.063276
0.230147 1.0972 -0.294847 0.0310123
0.172466 1.2372 -0.222686 0.0850744
0.134073 1.3087 -0.212962 0.0499907
0.0613679 1.21649 -0.252569 0.139703
0.134278 1.291 -0.309615 0.0622505
0.129121 1.29939 -0.208757 0.0521228
0.188413 1.15246 -0.275649 0.0885078
0.187231 1.16816 -0.392277 0.0248703
0.138651 1.1513 -0.320476 0.0999828
0.254383 1.13298 -0.274771 0.0315725
0.0400872 1.02463 -0.281809 0.0290365
-0.00573852 1.16101 -0.244655 0.0783402
0.0338104 1.26317 -0.200392 0.0844502
0.221466 1.20245 -0.25297 0.0689051
0.0372008 1.09498 -0.214514 0.0772919
0.2014 1.11801 -0.255111 0.0773052
0.139056 1.13057 -0.2464 0.112487
-0.0141549 1.18411 -0.304752 0.0780456
0.139431 1.16291 -0.299223 0.119692
0.0661452 1.14673 -0.244711 0.132895
0.202761 1.19822 -0.242281 0.0784829
0.0937445 1.15568 -0.252812 0.140712
0.166765 1.1876 -0.168148 0.0620136
0.00514788 1.15592 -0.248647 0.0901442
0.229072 1.18288 -0.181798 0.0359534
0.0638258 1.10097 -0.189974 0.0814263
0.141567 1.1908 -0.269789 0.133989
-0.00374437 1.11958 -0.278222 0.0826041
0.131838 1.13937 -0.251125 0.12048
0.0949971 1.03657 -0.233437 0.0543229
0.0820741 1.08133 -0.300239 0.0632964
0.0581388 1.12255 -0.22408 0.109538
0.0265437 1.06057 -0.243423 0.0464791
0.171748 1.13979 -0.266072 0.100698
0.0633143 1.01497 -0.261958 0.0178467
0.0345734 1.05405 -0.33161 0.0480281
0.152788 1.17044 -0.346579 0.0775706
0.091382 1.05894 -0.340503 0.0420371
0.133273 1.12007 -0.349443 0.0630737
0.0849647 1.05841 -0.331456 0.0429744
0.059147 1.01755 -0.262905 0.0209128
0.199395 1.11954 -0.188777 0.0359922
0.0873511 1.05437 -0.334057 0.0398261
0.0612246 1.0174 -0.262629 0.020416
0.153699 1.11217 -0.352732 0.0482808
-0.0265397 1.08467 -0.23294 0.0253876
-0.00188291 1.09216 -0.281094 0.0696624
0.0835562 1.09188 -0.192266 0.0857395
0.0382164 1.02435 -0.284528 0.0308347
0.0357346 1.0452 -0.327865 0.0437641
0.0282168 1.04821 -0.293705 0.0527383
0.0340342 1.034 -0.286559 0.0387352
0.0168688 1.08603 -0.20143 0.0589395
-0.0126829 1.06184 -0.2865 0.0515083
0.198898 1.11353 -0.211946 0.0534864
0.00118462 1.03725 -0.292039 0.0406624
0.0130275 1.05015 -0.291319 0.0496055
0.0458962 1.06473 -0.228912 0.0601172
0.00542724 1.08013 -0.283862 0.0659913
0.081834 1.05876 -0.324796 0.0446187
0.0817433 1.05774 -0.324451 0.0438605
-0.0266566 1.10188 -0.28048 0.0647979
0.0295427 1.13495 -0.275964 0.111024
0.0344803 1.15381 -0.274612 0.124613
0.143769 1.17265 -0.334492 0.0920693
0.0649992 1.19797 -0.222559 0.129919
0.0893971 1.20101 -0.137504 0.0804973
0.0313502 1.1536 -0.272274 0.121286
0.0471872 1.15119 -0.235105 0.117968
-0.0118611 1.15043 -0.257771 0.0816247
0.0337893 1.15362 -0.274598 0.124046
0.0173219 1.18496 -0.302549 0.104886
0.175308 1.10532 -0.244808 0.0826735
0.0632154 1.27757 -0.273635 0.0966515
0.173329 1.11112 -0.24533 0.0869277
0.137791 1.30727 -0.294309 0.0503225
0.113923 1.32664 -0.192351 0.0206257
0.00804376 1.28988 -0.309937 0.0522126
0.211509 1.12477 -0.341834 0.0676926
0.156056 1.12098 -0.347737 0.0570104
0.13873 1.21443 -0.359745 0.078943
0.0375208 1.0595 -0.320828 0.0545889
0.142161 1.08407 -0.381335 0.0223982
0.13534 1.14741 -0.330865 0.0917448
0.146766 1.08094 -0.373316 0.0182693
0.0406001 1.07877 -0.316727 0.0693857
0.0905109 1.06555 -0.352319 0.0411521
0.192279 1.11718 -0.211366 0.0562363
0.0303059 1.04483 -0.288444 0.0480897
0.149761 1.15505 -0.306835 0.108884
0.0803804 1.03039 -0.311453 0.0232583
0.0811693 1.07714 -0.326091 0.0591039
0.0992198 1.05297 -0.327904 0.030447
0.131383 1.06473 -0.292465 0.0416944
0.0560897 1.0056 -0.262596 0.0112726
0.0577817 1.04207 -0.250255 0.0427331
0.034064 1.02859 -0.236471 0.0232416
0.0637528 1.01414 -0.261762 0.0170118
0.027592 1.02921 -0.27849 0.0301528
0.0862575 1.03991 -0.24115 0.0503496
0.0382665 1.03653 -0.311701 0.0428438
0.0245347 1.02088 -0.239634 0.0119662
0.0755082 1.05711 -0.313672 0.0462555
0.0332515 1.02705 -0.282509 0.0310748
0.0385762 1.03455 -0.313453 0.0411211
0.0355348 1.02884 -0.289507 0.0356275
0.0609928 1.10608 -0.197424 0.0864836
0.196721 1.11917 -0.194086 0.0411439
0.117415 1.11669 -0.222858 0.103206
0.0593454 1.01512 -0.26501 0.0187691
0.0455064 1.04869 -0.264769 0.0436849
0.14166 1.20161 -0.218799 0.110402
0.155304 1.19389 -0.195976 0.0853897
0.191665 1.11694 -0.214575 0.0590582
0.0370776 1.02656 -0.285246 0.0326955
0.0566221 1.01404 -0.262021 0.017557
0.0386745 1.02336 -0.284695 0.0301276
0.0394519 1.02232 -0.284476 0.0290876
0.058973 1.01413 -0.265694 0.0180642
0.0640968 1.00711 -0.263277 0.0101458
0.0745521 1.02068 -0.254968 0.0255461
0.0465678 1.0722 -0.22956 0.0665759
0.0580503 1.01838 -0.262729 0.0216432
0.0489475 1.01239 -0.254598 0.0131935
0.0584971 1.01731 -0.263249 0.0208456
0.029182 1.05403 -0.287039 0.0548897
0.0342529 1.03332 -0.286523 0.038211
0.0372563 1.02561 -0.287906 0.0325876
0.0357623 1.02839 -0.289413 0.0352299
0.0524038 1.01141 -0.258735 0.013955
0.0547454 1.02282 -0.254483 0.0241078
0.0586117 1.03464 -0.252937 0.0360817
0.0575063 1.02154 -0.260968 0.0240958
0.0574957 1.02151 -0.26096 0.0240708
0.0575149 1.02162 -0.260916 0.024159
0.029237 1.11543 -0.278216 0.09922
0.0376037 1.09916 -0.210443 0.078895
0.028733 1.10066 -0.203893 0.0731098
0.0578404 1.04333 -0.249675 0.0439521
0.0611333 1.03986 -0.24607 0.0416834
0.0274771 1.0573 -0.279642 0.0538122
0.0244611 1.05352 -0.292057 0.0553981
0.0204934 1.0607 -0.25522 0.0464952
0.145654 1.19948 -0.213544 0.103939
0.0623556 1.04469 -0.246319 0.0465964
0.0200149 1.05723 -0.260558 0.0445512
0.121578 1.16127 -0.261032 0.136526
0.0200088 1.03747 -0.294229 0.0428337
0.0168637 1.08173 -0.284714 0.0713582
0.0271859 1.04733 -0.27878 0.0452614
0.0100876 1.05403 -0.290316 0.0511948
0.000299365 1.05859 -0.288423 0.05146
0.190477 1.11704 -0.251066 0.0827229
0.157954 1.15728 -0.279656 0.117304
0.0494898 1.08813 -0.231894 0.0813212
0.0222483 1.03396 -0.269325 0.028935
0.0288383 1.03169 -0.292738 0.0380499
0.0465021 1.09528 -0.189448 0.0680247
0.0243763 1.12525 -0.276904 0.102315
0.0291865 1.05582 -0.286435 0.0561223
0.0218886 1.05175 -0.291997 0.0532835
0.0155946 1.03985 -0.259729 0.0281398
0.0250006 1.03292 -0.272218 0.0301604
0.0246908 1.0303 -0.270937 0.0274606
0.0164922 1.07404 -0.260814 0.0561339
0.161378 1.09819 -0.244937 0.0813027
0.0379814 1.03736 -0.309737 0.0437914
-0.0204799 1.07092 -0.284148 0.0549889
0.041451 1.0038 -0.297886 0.0102931
0.0370709 1.0251 -0.313119 0.0331153
0.0285638 1.0184 -0.291013 0.0259794
0.019514 1.02928 -0.295814 0.0369901
0.028443 1.04339 -0.295259 0.0491488
0.0293544 1.04372 -0.294979 0.0494716
0.0340709 1.0359 -0.306342 0.0415928
0.0235416 1.0681 -0.260011 0.0551136
0.0322523 1.03632 -0.291933 0.0423633
0.0415454 1.02444 -0.297169 0.0305585
0.0375079 1.02759 -0.291693 0.0339453
0.0291201 1.04434 -0.295194 0.0500688
0.0294626 1.0438 -0.295259 0.0495065
0.0292376 1.0443 -0.295365 0.049998
0.0299697 1.04382 -0.296547 0.0493652
0.0296901 1.04402 -0.296117 0.0496161
0.021079 1.02329 -0.299487 0.0304675
0.0276539 1.13943 -0.269642 0.109766
0.0588843 1.01461 -0.265587 0.0184673
0.0380596 1.08227 -0.22199 0.0699105
0.0411378 1.00279 -0.297605 0.00927328
0.0149095 1.07126 -0.259268 0.0526712
0.0416511 1.00511 -0.29803 0.0115825
0.047329 1.01125 -0.283648 0.0194443
0.0337217 1.02779 -0.236746 0.0223817
0.0205682 1.06194 -0.256512 0.0479905
0.0203063 1.06133 -0.256305 0.0473193
0.0190824 1.03997 -0.218441 0.0318227
0.0618507 1.10115 -0.189088 0.0801446
-0.00451247 1.09898 -0.251555 0.0561368
0.0236568 1.09823 -0.280817 0.0857335
0.0435166 1.08073 -0.233934 0.0719294
0.111314 1.18364 -0.269193 0.154035
0.00716696 1.11205 -0.278641 0.0847931
0.0237791 1.12346 -0.277036 0.100919
0.024755 1.07118 -0.259559 0.0581301
0.0253911 1.0931 -0.27202 0.0792611
0.0351134 1.03069 -0.23586 0.0255099
0.033402 1.09212 -0.268636 0.0815768
0.0238319 1.08893 -0.269033 0.0742029
-0.00415274 1.04872 -0.246256 0.0212718
0.00486614 1.06516 -0.255393 0.0412287
0.0190976 1.08394 -0.266112 0.0668244
0.0233542 1.01964 -0.239824 0.0104784
0.0289303 1.02275 -0.239315 0.0155779
0.0186985 1.02355 -0.23451 0.011888
0.027952 1.02763 -0.237688 0.0190012
0.0158115 1.07231 -0.259814 0.0541323
0.0577412 1.04539 -0.249 0.0458106
0.00366015 1.12012 -0.253833 0.0753421
0.0240081 1.1239 -0.276999 0.101313
0.0148411 1.04631 -0.25476 0.0321975
0.0413031 1.28601 -0.253766 0.0732839
0.0271818 1.02623 -0.238094 0.0174547
0.0195592 1.11426 -0.203087 0.0736472
-0.00578824 1.1121 -0.247634 0.0615898
0.0279629 1.1183 -0.277788 0.100219
0.0286438 1.10172 -0.205966 0.0751862
0.0217372 1.12139 -0.275188 0.0974915
0.0391632 1.02282 -0.24374 0.0191808
0.0503967 1.05356 -0.231886 0.0519578
0.0328689 1.03051 -0.23675 0.0240064
0.019511 1.05923 -0.25596 0.04514
0.0309383 1.02658 -0.23788 0.0197947
0.0196155 1.06047 -0.255987 0.0461997
0.0303377 1.01622 -0.231472 0.0133162
0.0516783 1.12643 -0.223601 0.106774
0.0668037 1.01926 -0.248508 0.0229999
0.0687748 1.03702 -0.24815 0.0402964
0.0616136 1.03728 -0.24901 0.0393606
0.0540184 1.00433 -0.247981 0.00798194
0.0480473 1.0855 -0.231204 0.0785032
0.0622661 1.04432 -0.246509 0.0462255
0.0619803 1.03904 -0.248954 0.0411338
0.0513388 1.05301 -0.232893 0.0516695
0.0439809 1.06464 -0.22787 0.0592802
0.0987429 1.02067 -0.250466 0.0365351
0.0479064 1.05884 -0.229424 0.0559832
0.0582617 1.10581 -0.198886 0.0856237
0.0434182 1.09703 -0.192323 0.0691348
0.0474924 1.06146 -0.229455 0.0579899
0.0473251 1.09827 -0.192899 0.0722185
0.0424107 1.06415 -0.227228 0.0582451
0.0937439 1.09353 -0.222313 0.0989111
0.044675 1.08049 -0.229255 0.072743
0.0266753 1.04746 -0.21851 0.0400711
0.0238294 1.04611 -0.217026 0.0387209
0.0212414 1.04289 -0.215319 0.0362196
0.0155869 1.04659 -0.20968 0.0375412
0.0472237 1.05306 -0.229983 0.0507598
0.133006 1.16218 -0.268129 0.133701
0.0282623 1.09412 -0.19324 0.0616568
0.0470954 1.10431 -0.203001 0.0816441
0.0542126 1.08168 -0.232418 0.0774397
0.046384 1.0689 -0.229181 0.0637711
0.0590528 1.06166 -0.236871 0.0616579
0.012731 1.05924 -0.204182 0.0445175
0.0125524 1.12549 -0.277335 0.0950209
0.0260931 1.16133 -0.200169 0.0815417
0.0325853 1.02317 -0.21823 0.02453
0.0352691 1.03069 -0.219869 0.0294185
0.0613084 1.10482 -0.195462 0.0849794
0.0282826 1.10125 -0.205837 0.0746704
0.130761 1.15537 -0.262579 0.130315
0.0596633 1.11962 -0.21917 0.105538
-0.0620536 1.1479 -0.234425 0.0368553
0.0241646 1.09166 -0.189216 0.0558918
0.113393 1.10597 -0.208912 0.0944317
0.0236265 1.1228 -0.277103 0.100439
0.0460777 1.10857 -0.21155 0.0891363
0.123625 1.12706 -0.239433 0.11388
0.0633575 1.15154 -0.245021 0.133748
0.10537 1.19172 -0.262722 0.154442
0.0405144 1.1152 -0.167045 0.0538918
0.0795897 1.19776 -0.150707 0.0821703
0.115772 1.26238 -0.217903 0.0820716
0.0654023 1.12699 -0.231464 0.118297
0.0830482 1.19879 -0.154261 0.0857038
0.0305051 1.13734 -0.275783 0.113003
0.0341442 1.11415 -0.278663 0.101408
0.0952441 1.03499 -0.227096 0.0544227
0.0282059 1.12016 -0.277574 0.101506
0.0326635 1.14948 -0.274805 0.12112
0.0536253 1.11803 -0.22089 0.103239
0.0571795 1.17424 -0.224203 0.11987
0.0565742 1.17499 -0.220394 0.116654
0.032602 1.15007 -0.274771 0.121386
0.0161726 1.08503 -0.176698 0.0403065
0.0238961 1.07116 -0.211529 0.0550289
0.0297302 1.1358 -0.275892 0.111632
0.0268804 1.12104 -0.27749 0.101273
0.0222454 1.09961 -0.202474 0.0694612
0.0480683 1.09685 -0.227471 0.0864708
-0.0259393 1.06753 -0.234309 0.0159259
-0.0182509 1.07485 -0.241457 0.0280674
0.0188962 1.07655 -0.204149 0.0555587
-0.0475373 1.13471 -0.225859 0.0322993
0.0385506 1.1069 -0.211588 0.0852738
0.0443295 1.10984 -0.214702 0.0912724
0.0352799 1.09743 -0.211034 0.0773859
0.0129222 1.05953 -0.204271 0.0447107
0.0261405 1.0837 -0.207967 0.0635864
0.0358316 1.12225 -0.165545 0.0509624
0.00803616 1.12329 -0.256454 0.0812923
-0.0349256 1.08519 -0.2275 0.0183867
0.0109944 1.14814 -0.263531 0.099779
0.0138805 1.15046 -0.265892 0.104133
0.0412924 1.11931 -0.216203 0.0941427
0.0327098 1.14752 -0.274813 0.120103
0.0337375 1.15344 -0.274614 0.12392
0.0561068 1.17505 -0.21683 0.113419
0.0287955 1.14606 -0.220013 0.0962292
0.0201924 1.28088 -0.289134 0.068463
0.0539097 1.14236 -0.234685 0.118932
0.0345486 1.14581 -0.274808 0.120433
0.0337434 1.14588 -0.274813 0.119927
0.0429247 1.1248 -0.184419 0.0698154
0.0591877 1.12232 -0.223103 0.109235
0.00325895 1.156 -0.250322 0.0896712
0.0186499 1.15055 -0.2753 0.111821
0.0620519 1.24252 -0.269742 0.122608
0.0574512 1.12769 -0.226373 0.112215
0.0472516 1.15899 -0.128697 0.0352287
0.0550153 1.17402 -0.207101 0.104175
0.0461178 1.14381 -0.190215 0.0774236
0.0645381 1.13803 -0.237991 0.125129
0.0487427 1.1861 -0.145407 0.065375
0.0561742 1.17423 -0.219961 0.115913
0.0578263 1.19471 -0.178616 0.0932359
-0.0399255 1.13676 -0.193584 0.0283931
-0.0510951 1.14145 -0.231556 0.0366235
0.0507426 1.12558 -0.206862 0.0922599
0.0640831 1.14354 -0.241062 0.128698
0.0196323 1.14631 -0.263042 0.104928
0.012613 1.1787 -0.251264 0.0935032
0.0248158 1.27954 -0.294616 0.0718023
0.14585 1.12079 -0.245763 0.102559
0.063643 1.14855 -0.243653 0.131922
0.0649626 1.11573 -0.214539 0.102134
0.115162 1.11052 -0.214322 0.097712
0.113972 1.10521 -0.20766 0.0933168
0.105043 1.21094 -0.142352 0.089003
0.12886 1.09557 -0.186649 0.0741533
0.123926 1.09272 -0.18582 0.0761316
0.0435343 1.15867 -0.267104 0.129992
0.0698823 1.12584 -0.231248 0.118604
0.0621653 1.09399 -0.173829 0.0693752
0.05346 1.15549 -0.241085 0.126798
0.00700341 1.14202 -0.127926 0.00885949
0.0425847 1.12467 -0.183335 0.0687544
0.0553114 1.17699 -0.206011 0.104566
0.0669908 1.11398 -0.212615 0.100699
0.0399242 1.17683 -0.126012 0.0480605
0.00533036 1.14984 -0.184125 0.0572896
0.00658931 1.14116 -0.128171 0.00897451
0.0106866 1.19632 -0.146078 0.0537018
0.0103914 1.1563 -0.253445 0.096852
0.0618623 1.1499 -0.24285 0.131147
0.0876969 1.20084 -0.147643 0.0840305
-0.00926874 1.16378 -0.139319 0.0191427
0.018926 1.2349 -0.410808 0.0144574
-0.03257 1.13999 -0.197105 0.0356506
0.00848613 1.15118 -0.265283 0.100257
0.00601463 1.13811 -0.131886 0.0127533
0.0107852 1.14213 -0.140038 0.020997
0.00956331 1.14426 -0.142179 0.0223985
0.02552 1.13878 -0.155007 0.0391734
0.0546305 1.17241 -0.217872 0.112982
0.0412244 1.15972 -0.189107 0.079347
0.0243668 1.15547 -0.169893 0.0543178
0.0132164 1.14313 -0.143376 0.0248172
0.0592362 1.12354 -0.22494 0.111022
0.0574689 1.12765 -0.226362 0.112206
0.112999 1.12167 -0.231199 0.111932
0.0560262 1.17332 -0.220839 0.116332
0.0628676 1.15597 -0.24652 0.136032
0.0626194 1.1552 -0.245939 0.135275
0.0608047 1.14411 -0.238818 0.126155
-0.0452421 1.14052 -0.20069 0.0237243
-0.0273181 1.12039 -0.233667 0.0445133
-0.00879235 1.21859 -0.287464 0.0754293
0.043126 1.14845 -0.231398 0.112381
0.0203427 1.12538 -0.140017 0.024994
0.0239358 1.13447 -0.15142 0.0351047
0.037755 1.12525 -0.172407 0.0575496
0.0476078 1.14592 -0.201482 0.0888889
0.0455615 1.14002 -0.194609 0.0810076
0.062695 1.19172 -0.150222 0.0740308
0.0532894 1.15281 -0.239619 0.124949
0.0426226 1.12485 -0.183566 0.068978
0.0592524 1.13629 -0.233019 0.119397
-0.0203652 1.11442 -0.237329 0.0481546
-0.0225352 1.11901 -0.23578 0.0483137
-0.00873841 1.13018 -0.245578 0.0682765
0.00254739 1.13596 -0.251979 0.0822728
-0.0394886 1.18466 -0.309047 0.0578015
0.0170191 1.15198 -0.267595 0.107939
-0.0205484 1.14016 -0.187988 0.0480064
0.0476739 1.28362 -0.279715 0.0839477
-0.0375106 1.12375 -0.229429 0.0365551
0.0153303 1.15172 -0.267327 0.106484
0.017501 1.27309 -0.314654 0.0628752
-0.00289724 1.14635 -0.276051 0.0958776
0.00914625 1.27552 -0.321477 0.0546802
0.0413094 1.19995 -0.183669 0.0912593
-0.044446 1.17377 -0.219904 0.0321074
-0.016871 1.14157 -0.191067 0.0511524
0.0392565 1.15598 -0.275525 0.128518
0.025378 1.15188 -0.274968 0.117166
-0.0244366 1.14797 -0.260964 0.0741535
-0.0431729 1.14439 -0.240019 0.0482316
-0.047246 1.13736 -0.229439 0.0357589
-0.0511651 1.13304 -0.222007 0.0268995
-0.00963464 1.14516 -0.276394 0.0913734
0.0324175 1.15333 -0.274674 0.122914
-0.0390136 1.14825 -0.25375 0.061635
0.0223246 1.21105 -0.175943 0.0791159
-0.0472402 1.12818 -0.223195 0.0283375
-0.0389347 1.135 -0.232303 0.0419717
-0.0314561 1.14203 -0.24089 0.0550431
-0.0281855 1.1496 -0.25192 0.067214
0.0426689 1.15388 -0.23269 0.114417
-0.0575839 1.1825 -0.310568 0.0476221
-0.0489377 1.14693 -0.211426 0.0248817
0.0836826 1.21725 -0.409714 0.0351371
0.0302964 1.15374 -0.270785 0.119947
-0.00543906 1.24042 -0.330899 0.056868
0.0837645 1.20011 -0.171356 0.0958782
0.00638594 1.18591 -0.346911 0.08093
0.0266656 1.23718 -0.24013 0.11286
0.0631316 1.19828 -0.219767 0.126981
-0.0367401 1.19631 -0.302255 0.0530268
0.0260387 1.24303 -0.335052 0.0837273
-0.0305578 1.18667 -0.31037 0.0627758
0.000677413 1.18963 -0.299825 0.0889891
-0.0427171 1.18427 -0.30916 0.0558108
-0.00364492 1.2083 -0.292147 0.0807563
-0.0568343 1.16602 -0.299267 0.0558166
-0.0233139 1.25943 -0.334022 0.0331356
0.00316207 1.2796 -0.275858 0.0593888
0.0691434 1.19615 -0.165681 0.0870923
-0.0572057 1.15828 -0.225466 0.0329758
-0.0549113 1.15732 -0.227891 0.0357666
-0.0346967 1.15505 -0.239044 0.0549119
-0.00182782 1.15096 -0.261075 0.0906368
-0.00244654 1.15092 -0.26081 0.0900548
-0.00308135 1.15077 -0.261076 0.0896605
0.0566166 1.15618 -0.243349 0.13035
0.0500927 1.15689 -0.252239 0.128183
0.0490641 1.28658 -0.259824 0.0778319
0.0534596 1.19929 -0.203553 0.110552
0.0644376 1.19809 -0.222002 0.129265
-0.0475431 1.14889 -0.247467 0.0534812
-0.0370592 1.15464 -0.239456 0.0536487
-0.0579058 1.15431 -0.234709 0.0396016
-0.0283514 1.15506 -0.241345 0.0606165
-0.00831465 1.15487 -0.247986 0.0792781
-0.000469182 1.15542 -0.249833 0.0864382
0.063787 1.24129 -0.426325 0.0137061
-0.0408724 1.27035 -0.356474 0.0234932
0.0686349 1.13625 -0.142279 0.0330857
-0.0237617 1.23509 -0.339949 0.0419738
-0.0373983 1.18443 -0.308444 0.0594715
0.187247 1.20089 -0.233107 0.0869042
-0.0546326 1.22724 -0.341521 0.0159311
-0.0522903 1.24089 -0.341145 0.0140488
-0.0455052 1.23661 -0.345254 0.02095
0.0183812 1.19599 -0.153394 0.0606401
-0.0376557 1.23145 -0.334079 0.03268
-0.0563174 1.23735 -0.33174 0.0182417
-0.0569179 1.23615 -0.34014 0.0140281
0.0259417 1.15743 -0.261082 0.112913
-0.0502791 1.23891 -0.348983 0.0156027
-0.0498901 1.23785 -0.347865 0.0163596
0.0786382 1.14509 -0.242965 0.131857
-0.0692689 1.23699 -0.350447 0.00119679
0.0669034 1.1948 -0.160382 0.0825703
0.0118203 1.15475 -0.185499 0.0617233
0.0454934 1.18693 -0.145818 0.0638737
-0.000924017 1.13879 -0.195524 0.0646795
0.0116624 1.19589 -0.146564 0.0541924
0.0155037 1.19643 -0.150363 0.058055
0.0156121 1.18713 -0.138235 0.0465185
0.0220056 1.19382 -0.151319 0.0599002
0.011927 1.18199 -0.131102 0.0386077
0.015646 1.19636 -0.15043 0.0581333
0.0639664 1.19561 -0.172456 0.0901882
0.0765112 1.19845 -0.182317 0.100922
0.061618 1.19673 -0.20109 0.111495
0.0666852 1.19825 -0.224799 0.132096
0.00617196 1.15622 -0.251284 0.0924537
0.0070912 1.21938 -0.168966 0.0726586
0.0547228 1.19137 -0.164584 0.0813636
0.053448 1.18983 -0.159264 0.0769001
0.0337431 1.19798 -0.170829 0.0784317
0.0812333 1.18908 -0.167262 0.0852168
0.0318492 1.19872 -0.170763 0.077852
0.018593 1.19621 -0.15348 0.0609511
0.0170377 1.1963 -0.151883 0.0594525
0.0517611 1.18601 -0.143162 0.065215
0.0485848 1.18596 -0.144987 0.0650208
0.0558782 1.18551 -0.133311 0.0608936
0.051575 1.18553 -0.141491 0.0640497
0.0241304 1.1833 -0.133575 0.0446716
0.109928 1.20889 -0.204355 0.117474
0.0807859 1.19727 -0.191032 0.107243
0.0197841 1.19232 -0.147816 0.0562747
0.0198514 1.1924 -0.147984 0.05644
0.0801364 1.18912 -0.186605 0.098677
0.0532403 1.18229 -0.126463 0.0558907
0.0507055 1.18306 -0.134054 0.058912
0.0469667 1.1844 -0.141034 0.0615201
0.0324684 1.19057 -0.148324 0.0600377
0.165306 1.20246 -0.249167 0.110308
0.0310606 1.17634 -0.101528 0.0279085
0.0293305 1.17644 -0.0991565 0.0256317
0.00589831 1.15633 -0.251185 0.092159
-0.00567917 1.16061 -0.244803 0.0785701
0.0361778 1.17734 -0.126257 0.0456763
0.0394804 1.17632 -0.125177 0.0473052
0.00940353 1.18164 -0.129013 0.0361874
0.0117189 1.18137 -0.130254 0.0377558
0.00618663 1.15622 -0.251346 0.0925007
0.00594728 1.15577 -0.247377 0.0900301
0.0469674 1.31072 -0.251612 0.0544747
-0.0086669 1.15702 -0.245287 0.0773629
0.0644799 1.19783 -0.219126 0.126937
0.0351892 1.15794 -0.264283 0.121884
0.0301263 1.15245 -0.222573 0.100245
0.0420693 1.18728 -0.213943 0.10492
0.0483161 1.20014 -0.21204 0.111932
0.0572437 1.1847 -0.223015 0.121648
0.0613274 1.19066 -0.223066 0.125839
0.0617507 1.1879 -0.224859 0.126549
0.0514614 1.17276 -0.224795 0.116967
0.0586514 1.1755 -0.228983 0.124808
0.0440524 1.16637 -0.223463 0.110297
0.00869066 1.219 -0.170476 0.0737961
0.0819359 1.19935 -0.174875 0.097698
0.0639901 1.27366 -0.272948 0.0998073
0.00734857 1.25588 -0.202048 0.094627
0.112974 1.11315 -0.218691 0.101952
0.0594386 1.23891 -0.219283 0.109109
0.0812925 1.19947 -0.186397 0.105439
-0.051601 1.25711 -0.326824 0.00984873
0.036031 1.20983 -0.197473 0.0985087
0.0897913 1.28545 -0.299009 0.0852333
0.0977707 1.2347 -0.195193 0.101781
0.058415 1.27753 -0.268319 0.0923757
0.0297046 1.21676 -0.198461 0.0966246
0.081394 1.3126 -0.332691 0.0479856
0.0604467 1.19997 -0.21901 0.124996
0.0493164 1.20505 -0.210734 0.113544
0.106046 1.25826 -0.187578 0.0784161
0.0834419 1.19844 -0.146651 0.0820148
0.0400085 1.2427 -0.318847 0.0938413
0.0521701 1.19669 -0.180974 0.0926743
0.0580282 1.1949 -0.179599 0.0940664
0.0198712 1.22074 -0.189325 0.0877139
0.0200102 1.24286 -0.241317 0.105681
0.0362893 1.28015 -0.269594 0.0777173
-0.0124175 1.29756 -0.302426 0.0322662
0.0245793 1.28144 -0.293008 0.0715336
0.0147997 1.24263 -0.236915 0.105508
0.0710517 1.29212 -0.274601 0.0907481
0.0101261 1.29231 -0.305945 0.0541824
0.0617627 1.27496 -0.271168 0.0970447
0.0722345 1.29828 -0.274653 0.0875322
-0.0241457 1.26075 -0.357742 0.0415476
0.0370138 1.28982 -0.25068 0.0675681
0.104144 1.24916 -0.174611 0.0838809
0.0614825 1.27671 -0.271545 0.0956645
0.0303292 1.26992 -0.195032 0.0787225
0.048053 1.28478 -0.259501 0.0788081
0.0075002 1.24966 -0.224882 0.100338
0.0155275 1.25752 -0.23194 0.0921969
0.0407894 1.29843 -0.249994 0.0609552
0.0261345 1.26674 -0.275794 0.0823176
0.113278 1.22055 -0.166587 0.10044
0.0944026 1.27321 -0.321203 0.0893938
0.055494 1.22307 -0.233602 0.127856
0.0426685 1.24653 -0.213982 0.100889
0.133233 1.30631 -0.212134 0.0506737
0.143939 1.19389 -0.26726 0.131848
0.119527 1.22686 -0.136314 0.0908983
0.112689 1.21888 -0.168961 0.102134
0.182972 1.21231 -0.162426 0.0441403
0.0840234 1.25247 -0.187162 0.0811237
0.129896 1.30133 -0.208855 0.0511294
0.0735149 1.27397 -0.273416 0.103002
0.0585224 1.21976 -0.236371 0.131935
0.121612 1.28546 -0.205505 0.059694
0.0713659 1.28316 -0.164085 0.0415644
0.110391 1.26278 -0.155026 0.0700421
0.145426 1.30625 -0.182258 0.0212848
0.134201 1.30688 -0.213812 0.0515026
0.114472 1.27362 -0.139986 0.0631838
0.144674 1.31603 -0.191975 0.0263621
0.073839 1.27558 -0.273612 0.102051
0.0767485 1.27658 -0.165267 0.0482999
0.0608301 1.2828 -0.174946 0.0493563
0.0589459 1.22097 -0.235127 0.130434
0.128092 1.29912 -0.206901 0.051333
0.0778368 1.28269 -0.157212 0.0393684
0.0769197 1.29402 -0.145617 0.0247965
0.0595242 1.24762 -0.211956 0.0992407
0.0721136 1.26617 -0.180262 0.0648074
0.0290551 1.27637 -0.289923 0.0775707
0.0561131 1.22201 -0.234542 0.129159
0.0565265 1.22117 -0.235284 0.130183
0.101955 1.25063 -0.183481 0.0855082
0.247545 1.1115 -0.278161 0.0291193
0.0594734 1.24441 -0.214575 0.102824
0.096384 1.22779 -0.201742 0.1094
-0.0227262 1.22969 -0.293055 0.0604468
0.0236796 1.28312 -0.293649 0.0698729
0.0520545 1.33279 -0.248535 0.0429006
0.0230558 1.27135 -0.309071 0.0688668
0.0614259 1.31085 -0.278446 0.0754616
0.0404681 1.26476 -0.282097 0.092885
0.0234489 1.28236 -0.294173 0.070032
0.0934176 1.24583 -0.305102 0.116597
0.0122567 1.29084 -0.304297 0.0564957
0.026047 1.24302 -0.335061 0.0837428
-0.0013845 1.2553 -0.350231 0.0586189
0.0148031 1.25692 -0.255312 0.087931
0.0422484 1.26304 -0.280879 0.0952912
0.0491706 1.22388 -0.2481 0.129328
0.0574397 1.24764 -0.271759 0.116207
0.101141 1.31987 -0.19804 0.020121
0.0170254 1.30053 -0.298534 0.0551472
0.0223506 1.28529 -0.294687 0.0675984
0.0193693 1.20554 -0.291537 0.103168
0.00237353 1.21574 -0.288483 0.0861968
0.00696125 1.2122 -0.29463 0.0893735
-0.00694442 1.22185 -0.28588 0.077448
0.0240387 1.22038 -0.324063 0.0922283
0.162338 1.12105 -0.208829 0.0711731
0.181806 1.29473 -0.275324 0.0303878
0.0689373 1.28407 -0.273974 0.0948626
-0.0068515 1.26188 -0.34546 0.0508793
0.0637498 1.27789 -0.374003 0.074397
0.00500015 1.29563 -0.309439 0.0489455
0.0307505 1.26857 -0.298262 0.0784406
-0.00839522 1.2967 -0.320086 0.0373586
-8.42821e-05 1.29356 -0.315405 0.0443664
0.0232382 1.23293 -0.421069 0.00910167
0.00225175 1.27738 -0.32594 0.0485065
0.0985101 1.28236 -0.365952 0.0821779
0.0573283 1.30361 -0.278472 0.0772507
-0.000568573 1.29897 -0.312707 0.0437532
0.0676967 1.27998 -0.27349 0.0970031
-0.0117252 1.30297 -0.319507 0.0349512
-0.00324704 1.30002 -0.314607 0.041448
0.120195 1.27713 -0.304065 0.080352
-0.0443426 1.23263 -0.334663 0.0267705
-0.0349155 1.23384 -0.337973 0.0328287
0.0716905 1.29088 -0.274544 0.0916989
0.0728425 1.28871 -0.274443 0.0933967
-0.0369083 1.268 -0.333772 0.0184757
0.0710395 1.29206 -0.274599 0.090776
0.061599 1.30883 -0.278224 0.076574
-0.022731 1.26077 -0.357409 0.042616
-0.0232398 1.26078 -0.357536 0.0422342
0.028596 1.22504 -0.407922 0.0239604
0.0128125 1.28741 -0.306269 0.0572645
0.0222184 1.27163 -0.310033 0.0679254
0.0942227 1.21645 -0.212981 0.122628
0.0734265 1.2763 -0.273625 0.10144
0.0624927 1.29493 -0.276378 0.0848214
0.0631243 1.25495 -0.271269 0.113232
0.04748 1.28501 -0.279972 0.0828924
0.0467493 1.28642 -0.28042 0.0815315
0.0919811 1.23732 -0.31725 0.119631
0.0128147 1.20495 -0.33688 0.0808131
0.0997306 1.25579 -0.296782 0.108495
-0.0501907 1.26358 -0.327192 0.00720259
0.0186189 1.20599 -0.291717 0.102319
-0.0291069 1.2356 -0.286972 0.0571366
-0.00199991 1.21839 -0.289226 0.0815437
0.0166273 1.25164 -0.335822 0.0720127
-0.0229731 1.26099 -0.35718 0.0423167
-0.028908 1.26675 -0.353451 0.0348019
-0.0222152 1.2607 -0.357248 0.0429854
-0.03582 1.25643 -0.328944 0.0226095
-0.0459179 1.2368 -0.345747 0.0204492
0.0104212 1.2345 -0.33366 0.0737108
-0.0255203 1.24628 -0.324928 0.0369666
-0.0453358 1.20781 -0.330952 0.0360076
-0.0411525 1.23845 -0.301732 0.041764
0.000853471 1.18375 -0.302049 0.0912485
0.0344969 1.24978 -0.34318 0.0800651
-0.0372325 1.25243 -0.323121 0.0244181
-0.0451049 1.18439 -0.309647 0.0541199
-0.0396789 1.23106 -0.332708 0.0317818
-0.0380416 1.23777 -0.303447 0.0423735
-0.027667 1.24852 -0.326521 0.033826
-0.0385972 1.2304 -0.326333 0.0352289
-0.012206 1.19053 -0.334931 0.0658939
-0.0224846 1.22345 -0.321482 0.052476
0.00897827 1.18375 -0.301087 0.0984063
-0.0686795 1.23745 -0.350641 0.00153086
-0.0100461 1.18411 -0.304075 0.0815706
-0.0512346 1.24052 -0.309547 0.0313873
-0.0375062 1.23633 -0.30182 0.0445314
-0.0184606 1.2255 -0.301016 0.0620036
-0.0224355 1.24616 -0.327376 0.0394046
-0.05084 1.26275 -0.33704 0.00941514
-0.0159362 1.24454 -0.329594 0.0457292
0.0131404 1.20875 -0.301377 0.0939076
0.0254852 1.18405 -0.299018 0.113286
-0.053926 1.2137 -0.337496 0.0244351
-0.0351915 1.20054 -0.341838 0.0409612
-0.0507225 1.20971 -0.332617 0.0306403
-0.0682422 1.23644 -0.349898 0.00225051
-0.021977 1.22326 -0.321533 0.0529452
-0.0415775 1.18493 -0.309638 0.0561343
-0.0542773 1.21075 -0.348281 0.0203494
-0.0184302 1.28242 -0.334891 0.0330733
-0.0274604 1.26241 -0.356328 0.0382046
0.130565 1.3197 -0.212477 0.0410274
-0.0302019 1.22725 -0.327168 0.0427674
0.0149234 1.18467 -0.32901 0.0924742
-0.0265861 1.18608 -0.309165 0.0663382
0.00721325 1.18652 -0.306918 0.0944306
-0.0366721 1.22987 -0.331498 0.0350489
-0.0383381 1.25765 -0.358697 0.0301584
-0.0344429 1.26433 -0.354482 0.0318184
-0.0388972 1.25805 -0.358331 0.0295477
-0.0573861 1.21272 -0.33461 0.0238768
-0.00854088 1.18074 -0.301642 0.0836039
-0.056476 1.22879 -0.344695 0.0121795
-0.0503374 1.23795 -0.348104 0.0159123
-0.0182787 1.19385 -0.317915 0.0672177
-0.0324359 1.20125 -0.324 0.0509851
-0.057291 1.22761 -0.343896 0.0126034
-0.0214704 1.22298 -0.32118 0.0535861
-0.00293252 1.18848 -0.311301 0.0839206
-0.0385849 1.2325 -0.335996 0.030847
0.0264573 1.21929 -0.323277 0.0948631
-0.0615631 1.23148 -0.350913 0.00464393
-0.0481516 1.20869 -0.331834 0.0332558
-0.0333097 1.23597 -0.341922 0.0327404
-0.0309644 1.23588 -0.341273 0.0350705
-0.0391045 1.23284 -0.336776 0.0300013
-0.0164776 1.2791 -0.336097 0.0355778
-0.0017459 1.25959 -0.35951 0.0548018
-0.00758611 1.26237 -0.363352 0.0499832
-0.010297 1.2586 -0.354003 0.0514486
-0.00540455 1.26117 -0.34524 0.052227
-0.00516477 1.26079 -0.345469 0.0526246
-0.0452168 1.23677 -0.345519 0.0211158
-0.0155939 1.26017 -0.355715 0.0474975
-0.0485038 1.20955 -0.333249 0.0320048
-0.00132554 1.21369 -0.310436 0.0771804
0.0234941 1.2174 -0.319756 0.0935957
0.0202464 1.20499 -0.301147 0.101506
0.0297255 1.2245 -0.405696 0.0262
0.0288366 1.20053 -0.297455 0.111517
-0.00314515 1.22063 -0.32027 0.069279
-0.0135449 1.21949 -0.316975 0.062737
-0.0179198 1.22242 -0.320778 0.0566431
-0.0210507 1.22281 -0.320962 0.0540644
-0.0190488 1.22196 -0.319903 0.0563568
-0.00973085 1.19005 -0.314237 0.076869
0.0347509 1.19738 -0.294913 0.118465
-0.0123715 1.18433 -0.304799 0.0794041
-0.0153783 1.25994 -0.355851 0.0477859
0.141243 1.2186 -0.384748 0.0595112
-0.0472906 1.20877 -0.332338 0.0336199
-0.0242965 1.26142 -0.356949 0.0411
-0.0159306 1.19163 -0.335856 0.0621566
-0.0150722 1.19133 -0.335628 0.0630437
-0.0105107 1.19031 -0.314573 0.0760253
-0.00975954 1.19005 -0.314249 0.0768387
-0.027562 1.19186 -0.316841 0.060714
-0.0364245 1.18775 -0.312122 0.0575275
-0.0515492 1.18656 -0.312386 0.0484916
0.0992212 1.25837 -0.331201 0.102416
-0.00666312 1.24254 -0.343808 0.0555584
0.135735 1.1455 -0.33485 0.0877277
0.117614 1.2081 -0.346336 0.0998922
0.0289291 1.21676 -0.320505 0.0984099
-0.0253529 1.23971 -0.344542 0.0389592
0.181988 1.135 -0.316145 0.0876339
0.0835438 1.19815 -0.143187 0.0803849
0.171754 1.15085 -0.327237 0.082712
0.141611 1.12875 -0.238876 0.105348
0.134214 1.22442 -0.399652 0.0454981
0.0663156 1.217 -0.431449 0.00938302
0.0999658 1.28054 -0.37295 0.0861756
0.0651748 1.2136 -0.437471 0.00240534
0.149319 1.3033 -0.314387 0.0454418
0.099929 1.26173 -0.341005 0.0991698
0.0920144 1.27725 -0.369799 0.0848652
0.0778263 1.27932 -0.373017 0.0787196
0.0182196 1.23095 -0.416333 0.010164
0.0947876 1.24614 -0.322105 0.112473
0.148054 1.20188 -0.328946 0.0943223
0.0578541 1.27447 -0.370391 0.0729647
0.0220043 1.24285 -0.337224 0.0807459
0.031648 1.22314 -0.321731 0.0972573
0.0219433 1.22909 -0.330698 0.0860934
0.0287829 1.228 -0.325822 0.0923537
0.0225225 1.25377 -0.350635 0.070881
0.0168676 1.22923 -0.331321 0.0816403
0.0535666 1.24265 -0.333702 0.0953245
-0.0113026 1.26385 -0.365842 0.0470956
-0.0318244 1.27668 -0.345207 0.0287962
0.108229 1.26508 -0.300016 0.0964145
0.03011 1.21976 -0.411737 0.0253743
-0.0189841 1.26042 -0.356704 0.0452365
0.0141732 1.23456 -0.335055 0.0771049
-0.0316204 1.24314 -0.348355 0.0325793
-0.0168697 1.26009 -0.356253 0.0467466
0.0456741 1.24579 -0.337086 0.0891437
0.0447059 1.23612 -0.323171 0.100133
0.0447122 1.23487 -0.321379 0.101717
0.0374424 1.2385 -0.326951 0.0941782
0.0260612 1.24301 -0.335049 0.083756
0.019171 1.23481 -0.410223 0.0149914
-0.0291438 1.27537 -0.345529 0.0308231
-0.00213497 1.22955 -0.333613 0.0639797
0.0146083 1.23824 -0.337069 0.0761225
-0.0129579 1.23311 -0.337656 0.0525958
0.0165438 1.23002 -0.33182 0.0810388
-0.0160342 1.23402 -0.338847 0.049396
-0.0387269 1.2683 -0.352661 0.0274907
-0.0311279 1.22456 -0.35026 0.0318717
0.0252439 1.21728 -0.324694 0.0934803
0.0433963 1.24664 -0.338224 0.0873034
0.0530664 1.2289 -0.314032 0.111687
0.0150686 1.23783 -0.336762 0.0766616
0.0102662 1.24967 -0.344538 0.0693434
0.0207902 1.23402 -0.333726 0.0830044
0.0166384 1.22305 -0.32673 0.0841717
0.0176359 1.22878 -0.330916 0.0825341
0.0231786 1.22505 -0.328051 0.0890542
-0.0220785 1.28322 -0.335679 0.0307977
-0.0154265 1.25995 -0.355866 0.0477525
0.0223876 1.22714 -0.329519 0.0873735
-0.0228628 1.26152 -0.360021 0.0418207
-0.0208197 1.27062 -0.345808 0.0375987
-0.0113395 1.27063 -0.339939 0.0428413
-0.0244461 1.19341 -0.361998 0.0514087
-0.0225387 1.19277 -0.361136 0.0531584
0.00398018 1.18645 -0.348271 0.0784657
-0.0158374 1.19093 -0.357971 0.0592838
-0.0463149 1.22861 -0.356311 0.0160005
0.089891 1.25279 -0.284529 0.118059
0.0223053 1.24426 -0.33778 0.0805086
-0.00694002 1.27971 -0.330643 0.0410329
0.00225143 1.26403 -0.33635 0.0550306
0.0102415 1.25294 -0.351771 0.0659669
0.0112428 1.24924 -0.344153 0.0702496
0.00696408 1.25616 -0.339957 0.0629512
0.0123675 1.25157 -0.339695 0.069324
0.00840123 1.25382 -0.341299 0.0653769
0.0200862 1.24555 -0.338781 0.0782685
0.180125 1.29127 -0.274074 0.0342164
0.0880586 1.258 -0.279735 0.11598
0.185211 1.3089 -0.265947 0.0236036
0.163708 1.29949 -0.311804 0.0329719
0.0589281 1.21933 -0.239582 0.133259
0.109319 1.274 -0.347764 0.0871123
0.104006 1.32062 -0.197131 0.0199465
0.183475 1.14939 -0.349515 0.0611798
0.108574 1.27104 -0.293239 0.0926492
0.111202 1.27717 -0.351805 0.0847106
0.148044 1.13536 -0.329152 0.0815758
0.13827 1.29787 -0.325385 0.0550617
0.200271 1.27837 -0.287991 0.037715
0.104867 1.27527 -0.363345 0.0898136
0.107424 1.26255 -0.18647 0.0743354
0.146796 1.32726 -0.313194 0.0241393
0.0640042 1.25224 -0.24389 0.104476
0.0929866 1.24813 -0.296052 0.117871
0.0934105 1.24873 -0.298347 0.116662
0.0895335 1.25622 -0.285583 0.114866
0.0951699 1.25118 -0.306944 0.112237
0.133626 1.29977 -0.218471 0.0575355
0.119425 1.27988 -0.33064 0.0771858
0.125085 1.33181 -0.211 0.0312595
0.176676 1.17405 -0.399605 0.0244967
0.0917308 1.2891 -0.342712 0.0713105
0.0875067 1.29498 -0.327875 0.0666756
0.076488 1.32198 -0.317841 0.045707
0.136331 1.30078 -0.298282 0.0549519
0.09166 1.24044 -0.300427 0.121687
0.131708 1.29077 -0.224189 0.0652718
0.167545 1.26014 -0.29883 0.0565524
0.115704 1.18251 -0.270989 0.151815
0.0999951 1.26223 -0.342199 0.0987556
0.1177 1.20935 -0.382797 0.0642649
0.141532 1.21878 -0.385058 0.0592063
0.0987669 1.25672 -0.327905 0.104058
0.0940396 1.24754 -0.306566 0.114981
0.101503 1.27096 -0.360026 0.0924839
0.137659 1.21915 -0.377383 0.0672133
0.105639 1.27689 -0.367114 0.0894448
0.104946 1.27503 -0.363607 0.0901258
0.102731 1.26999 -0.355925 0.0929863
0.100777 1.26525 -0.348355 0.0963758
0.101007 1.2664 -0.351239 0.0955784
0.101481 1.26854 -0.356926 0.0942784
0.100805 1.26695 -0.355127 0.0952711
0.101084 1.2671 -0.353506 0.0951426
0.0838465 1.19822 -0.142438 0.0801703
0.188828 1.11573 -0.327285 0.071079
0.126053 1.20754 -0.343028 0.0978876
0.122135 1.2033 -0.332696 0.107419
0.0957602 1.25184 -0.310218 0.110894
0.124474 1.28719 -0.344069 0.0718694
0.102134 1.25953 -0.315849 0.101136
0.113793 1.20701 -0.336553 0.109817
0.131448 1.23413 -0.283691 0.101421
0.121293 1.19302 -0.261869 0.145284
0.175544 1.16843 -0.384807 0.0361442
0.11821 1.21033 -0.343833 0.101911
0.134675 1.22389 -0.37043 0.0743975
0.134075 1.22065 -0.367427 0.0771449
0.147362 1.17134 -0.384739 0.0546295
0.0791763 1.21817 -0.428321 0.018846
0.188912 1.13173 -0.320267 0.0830571
0.118993 1.21565 -0.436058 0.0152497
0.113444 1.2537 -0.363501 0.0845976
0.113849 1.27205 -0.374456 0.0820538
0.109835 1.2 -0.397342 0.0556103
0.16923 1.12427 -0.39251 0.0190162
0.137458 1.21856 -0.377837 0.0667301
0.137802 1.21871 -0.378316 0.0662409
0.142631 1.23153 -0.390424 0.0566951
0.112338 1.24192 -0.365745 0.079761
0.108877 1.1984 -0.384326 0.0677622
0.107211 1.1954 -0.417647 0.0435857
0.232957 1.17006 -0.320911 0.0328311
0.153189 1.17116 -0.381021 0.0525964
0.145882 1.16726 -0.397511 0.0487636
0.143612 1.22209 -0.384664 0.0600445
0.138961 1.21988 -0.37896 0.065632
0.156742 1.20374 -0.329589 0.0885149
0.255436 1.13968 -0.279423 0.0277909
0.184359 1.20508 -0.366723 0.0455572
0.147764 1.20641 -0.370194 0.0639097
0.175705 1.15071 -0.339278 0.0719376
0.146945 1.22312 -0.380852 0.0615532
0.160871 1.1723 -0.400931 0.0357757
0.161877 1.17246 -0.402095 0.0344472
0.185053 1.16859 -0.389352 0.0282737
0.16674 1.17315 -0.406361 0.0287748
0.165195 1.17196 -0.394582 0.0356963
0.13291 1.11564 -0.352475 0.0585196
0.120669 1.1905 -0.303967 0.129527
0.18253 1.16586 -0.399013 0.020335
0.175211 1.16827 -0.383911 0.0370166
0.213867 1.15561 -0.31045 0.0572309
0.150655 1.2118 -0.353173 0.0747157
0.0932058 1.21085 -0.218746 0.129458
0.166219 1.17165 -0.388955 0.0386416
0.158062 1.17113 -0.380009 0.0500352
0.134392 1.19398 -0.318263 0.110178
0.156188 1.17117 -0.377877 0.0526996
0.115229 1.19706 -0.3194 0.121363
0.119153 1.19863 -0.323075 0.116201
0.16351 1.20711 -0.341568 0.0765235
0.127453 1.17071 -0.300188 0.127374
0.269221 1.14306 -0.286037 0.0160822
0.123141 1.10157 -0.198255 0.0832159
0.194522 1.20102 -0.216434 0.0764103
0.215762 1.16082 -0.299109 0.0594544
0.15714 1.21394 -0.382834 0.0515041
0.21279 1.2121 -0.27198 0.0781451
0.152478 1.20273 -0.32919 0.0914177
0.124603 1.15113 -0.329784 0.098927
0.128718 1.19148 -0.296307 0.128268
0.164244 1.22175 -0.371189 0.0520631
0.233989 1.22212 -0.281501 0.0678144
0.113821 1.27094 -0.302022 0.0887292
0.160122 1.1514 -0.293167 0.109359
0.0926327 1.24761 -0.29387 0.118988
0.132502 1.19336 -0.305309 0.120443
0.141323 1.19691 -0.313052 0.109292
0.187895 1.15779 -0.373786 0.0400934
0.162346 1.18742 -0.328406 0.082916
0.206875 1.2054 -0.375487 0.0307341
0.133425 1.16701 -0.301501 0.122716
0.18845 1.21812 -0.314394 0.0776318
0.230088 1.1004 -0.257315 0.0532903
0.158794 1.12532 -0.371665 0.0404889
0.11753 1.20428 -0.333954 0.109586
0.135818 1.19716 -0.319493 0.108661
0.135583 1.19704 -0.319212 0.109011
0.188819 1.20521 -0.37649 0.0353478
0.132429 1.19552 -0.315662 0.113549
0.183778 1.19924 -0.371305 0.0404412
0.135916 1.19719 -0.319557 0.108554
0.14525 1.22231 -0.377365 0.0645651
0.155381 1.23008 -0.400819 0.0479351
0.162177 1.21268 -0.389024 0.0440602
0.149668 1.22621 -0.38989 0.0556946
0.187442 1.19134 -0.387359 0.0241511
0.125014 1.1864 -0.279997 0.140588
0.145021 1.2257 -0.383575 0.0618848
0.188484 1.16812 -0.391115 0.0256125
0.185569 1.16854 -0.389327 0.0281229
0.177408 1.16705 -0.379064 0.0399329
0.182713 1.16367 -0.377177 0.0393256
0.182716 1.16367 -0.377165 0.0393343
0.183942 1.16318 -0.377303 0.0388196
0.184005 1.16318 -0.377366 0.0387472
0.180073 1.16366 -0.373321 0.0433562
0.178586 1.16452 -0.37407 0.0433517
0.174382 1.12205 -0.39999 0.0108155
0.172634 1.16703 -0.372895 0.0469656
0.140353 1.16393 -0.306569 0.114789
0.189069 1.13984 -0.31768 0.0795536
0.226474 1.18389 -0.373955 0.00682969
0.162931 1.22192 -0.371834 0.0526351
0.141157 1.21541 -0.362907 0.0754403
0.145642 1.22216 -0.376555 0.0645753
0.144935 1.2222 -0.376794 0.0650958
0.143664 1.22539 -0.381423 0.0638932
0.150556 1.24229 -0.401303 0.0521294
0.148106 1.23858 -0.396083 0.0545309
0.147303 1.23333 -0.391237 0.0567452
0.149959 1.24087 -0.399736 0.0527267
0.142229 1.23098 -0.384245 0.0624306
0.0899663 1.24549 -0.286658 0.122542
0.139172 1.22344 -0.375336 0.0696406
0.155041 1.19912 -0.28274 0.116429
0.0589459 1.22097 -0.235132 0.13044
0.125313 1.21515 -0.354707 0.090215
0.118669 1.18695 -0.29302 0.138373
0.130742 1.16901 -0.299678 0.125649
0.171225 1.14977 -0.32673 0.0837773
0.117111 1.18219 -0.275807 0.149437
0.187973 1.16857 -0.34343 0.0558121
0.194694 1.1773 -0.350453 0.0450436
0.091213 1.24256 -0.291616 0.12319
0.197036 1.17831 -0.352964 0.0415997
0.197442 1.17845 -0.353344 0.0410405
0.203074 1.17793 -0.355013 0.0356723
0.172088 1.20945 -0.34371 0.0702658
0.16933 1.2083 -0.342311 0.0728853
0.164328 1.20647 -0.337482 0.0788405
0.14762 1.13391 -0.354128 0.0626056
0.193721 1.13617 -0.336447 0.0703708
0.0912012 1.24986 -0.288624 0.118881
0.0977069 1.25804 -0.290492 0.108828
0.141139 1.34208 -0.197986 0.0257994
0.197195 1.29278 -0.288176 0.0255087
0.137789 1.30608 -0.295331 0.0509349
0.0993419 1.28466 -0.277898 0.0907725
0.0615315 1.23495 -0.24418 0.120188
0.15541 1.12333 -0.218954 0.082407
0.136265 1.20426 -0.201381 0.103024
0.156912 1.23982 -0.198443 0.0723051
0.181954 1.27978 -0.279571 0.0416602
0.181588 1.29053 -0.275907 0.0335596
0.141329 1.31068 -0.294584 0.0460564
0.139264 1.30873 -0.294452 0.0485253
0.200692 1.19882 -0.223537 0.0731805
0.160352 1.27254 -0.237191 0.0700148
0.102382 1.22177 -0.279703 0.130052
0.0846876 1.21654 -0.27982 0.14592
0.084941 1.21748 -0.280303 0.145041
0.0831008 1.20992 -0.276382 0.152066
0.108977 1.27078 -0.294259 0.09245
0.190085 1.3067 -0.29164 0.0123805
0.200499 1.25819 -0.207212 0.060334
0.134384 1.29223 -0.30678 0.0614186
0.143413 1.30498 -0.301803 0.0474978
0.145592 1.30237 -0.307892 0.047886
0.148837 1.30478 -0.307913 0.0442236
0.0970573 1.26177 -0.2866 0.106995
0.107726 1.27458 -0.289263 0.0910969
0.130501 1.32822 -0.203958 0.0347649
0.0982559 1.31521 -0.200322 0.0248042
0.119353 1.34091 -0.208951 0.0242507
0.0790561 1.30356 -0.27478 0.0869214
0.132868 1.30609 -0.211496 0.0503741
0.0754448 1.2838 -0.274339 0.0972686
0.0752311 1.2639 -0.180404 0.0669163
0.0829962 1.21032 -0.275932 0.151897
0.0673397 1.23564 -0.269171 0.129793
0.0686142 1.24471 -0.270308 0.122987
0.0688222 1.24629 -0.270449 0.121799
0.0838408 1.21765 -0.276755 0.146056
0.084929 1.2256 -0.277485 0.139778
0.149996 1.28067 -0.229356 0.0669369
0.111228 1.22486 -0.250924 0.127349
0.111489 1.22555 -0.250746 0.126688
0.0879884 1.25772 -0.279625 0.116204
0.0880118 1.25817 -0.279637 0.115897
0.0920566 1.27414 -0.276506 0.102536
0.131085 1.29119 -0.224961 0.0649705
0.0850684 1.27933 -0.277831 0.100966
0.126182 1.32272 -0.218185 0.0389843
0.122434 1.33362 -0.214468 0.0304571
0.117807 1.34227 -0.210411 0.0238386
0.096791 1.323 -0.198478 0.0169233
0.113433 1.25863 -0.216752 0.0848924
0.179312 1.24902 -0.209959 0.0683591
0.086281 1.23974 -0.199294 0.0977437
0.0841077 1.11416 -0.224991 0.112164
0.0785138 1.1995 -0.240976 0.148051
0.0587365 1.21961 -0.236486 0.132124
0.12965 1.30547 -0.222418 0.0529985
0.137717 1.23897 -0.244678 0.104478
0.121971 1.25549 -0.240569 0.0976231
0.117501 1.24222 -0.245487 0.110409
0.0867412 1.2422 -0.278791 0.127225
0.085993 1.11246 -0.224223 0.111378
0.0638732 1.22547 -0.259996 0.134427
0.0587355 1.21961 -0.23652 0.132134
0.0646009 1.23369 -0.259369 0.127012
0.0873887 1.25109 -0.279338 0.120841
0.0876144 1.26036 -0.279475 0.114278
0.0825872 1.29389 -0.276387 0.0920982
0.10323 1.25446 -0.181885 0.0818287
0.0794336 1.21486 -0.225513 0.128595
0.124244 1.3179 -0.189463 0.0334976
0.071388 1.2655 -0.181648 0.0661494
0.123184 1.25944 -0.238824 0.093777
0.197209 1.2035 -0.213087 0.0725943
0.0514706 1.2603 -0.20238 0.0853169
0.0484258 1.26556 -0.19869 0.079988
0.10007 1.24437 -0.187004 0.0916716
0.0981214 1.24259 -0.188902 0.0934524
0.102279 1.24631 -0.179957 0.0876695
0.0909308 1.24725 -0.188276 0.0874052
0.0994467 1.24228 -0.188225 0.0937803
0.0696734 1.26478 -0.18387 0.0680431
0.076351 1.26312 -0.180393 0.0676434
0.0603634 1.28284 -0.195232 0.0630736
0.0645464 1.27583 -0.178179 0.0561399
0.070226 1.2468 -0.204967 0.0948724
0.061085 1.25166 -0.205586 0.0920947
0.0595107 1.24879 -0.211002 0.0979423
0.0559883 1.25329 -0.207481 0.0928304
0.126532 1.33472 -0.202188 0.0289703
0.1055 1.26784 -0.169176 0.0673927
0.124701 1.3181 -0.190968 0.0339627
0.131895 1.32512 -0.20436 0.0372469
0.127974 1.33255 -0.202492 0.0308591
0.116001 1.35481 -0.192432 0.0106847
0.128522 1.33678 -0.200855 0.0271821
0.0954277 1.15454 -0.252189 0.139693
0.132746 1.19407 -0.262927 0.138537
0.124695 1.31691 -0.191336 0.0346594
0.133864 1.30149 -0.217565 0.0561611
0.143048 1.23114 -0.241116 0.105857
0.125239 1.31837 -0.192505 0.034433
0.132538 1.32314 -0.205097 0.0387918
0.133468 1.31775 -0.208725 0.0430483
0.122475 1.34916 -0.195506 0.0159915
0.124011 1.32059 -0.190241 0.0320141
0.131149 1.32498 -0.203127 0.0363909
0.124593 1.32068 -0.191814 0.0326139
0.121318 1.32715 -0.188377 0.0266558
0.121975 1.3269 -0.18988 0.0274168
0.125278 1.31578 -0.193455 0.0360389
0.162132 1.19017 -0.186258 0.0743952
0.103408 1.25424 -0.17991 0.0815571
0.108059 1.25056 -0.16468 0.0800629
0.144154 1.24884 -0.241336 0.0941957
0.142033 1.20741 -0.239318 0.122816
0.124349 1.30326 -0.198331 0.044753
0.127149 1.29625 -0.207163 0.0531732
0.12227 1.28784 -0.204522 0.0576652
0.122598 1.29014 -0.203644 0.0556354
0.145503 1.21455 -0.229698 0.111017
0.106681 1.25506 -0.168341 0.0778764
0.11984 1.2838 -0.201838 0.0594627
0.10365 1.25592 -0.181315 0.0804415
0.108281 1.27634 -0.161837 0.0600325
0.106931 1.26995 -0.166778 0.0656669
0.10375 1.25521 -0.178995 0.0805253
0.103901 1.25516 -0.178337 0.0803669
0.105366 1.26266 -0.172734 0.0727302
0.259596 1.13049 -0.280445 0.0236194
0.235814 1.19137 -0.224475 0.0480387
0.21644 1.19132 -0.198667 0.0526111
0.124261 1.20943 -0.251389 0.133188
0.213287 1.21114 -0.270167 0.0776758
0.198968 1.118 -0.171674 0.0232332
0.192129 1.26412 -0.212361 0.0611685
0.158402 1.21024 -0.235774 0.110602
0.179753 1.24462 -0.218457 0.0769533
0.166096 1.1877 -0.180714 0.068048
0.120552 1.19929 -0.253124 0.142848
0.176043 1.20542 -0.276205 0.106221
0.0624672 1.09741 -0.173161 0.0673209
0.138617 1.20889 -0.156371 0.0834324
0.221308 1.19146 -0.209877 0.0519609
0.154449 1.26458 -0.236353 0.0787508
0.165997 1.20682 -0.219696 0.0944257
0.0786492 1.19952 -0.240871 0.147989
0.0799734 1.20016 -0.239395 0.146798
0.1277 1.27496 -0.232291 0.0793599
0.138346 1.20988 -0.150224 0.0826389
0.138159 1.23977 -0.244451 0.103685
0.169574 1.28202 -0.166776 0.0235358
0.195496 1.25097 -0.210683 0.0649373
0.123505 1.22837 -0.168071 0.088556
0.101775 1.20138 -0.255997 0.150218
0.101475 1.20064 -0.25616 0.150953
0.170095 1.23243 -0.224777 0.0892264
0.116876 1.2278 -0.249543 0.122254
0.132053 1.1942 -0.262338 0.138864
0.117312 1.22856 -0.249325 0.121453
0.129103 1.24894 -0.242459 0.0997503
0.138332 1.26478 -0.236359 0.083322
0.181178 1.28568 -0.173715 0.0212369
0.159156 1.24622 -0.192602 0.063922
0.185882 1.27524 -0.186409 0.0359111
0.165829 1.26739 -0.175684 0.0384073
0.161155 1.22592 -0.228846 0.0984733
0.151464 1.26406 -0.16036 0.0451338
0.165619 1.2816 -0.162089 0.0248998
0.130761 1.24003 -0.161834 0.0752242
0.129952 1.23917 -0.161908 0.0763538
0.118669 1.23361 -0.143134 0.0881983
0.112471 1.23096 -0.162732 0.0923375
0.115927 1.2267 -0.155842 0.0940819
0.117639 1.2265 -0.161936 0.0933532
0.114483 1.22383 -0.161989 0.0972506
0.110785 1.23771 -0.163417 0.0878812
0.193108 1.26038 -0.209797 0.0624149
0.150912 1.23289 -0.265658 0.0974337
0.131604 1.21872 -0.253539 0.121393
0.118315 1.27876 -0.203484 0.0638265
0.113699 1.26456 -0.208137 0.0768398
0.114792 1.26282 -0.214977 0.0807416
0.112667 1.26692 -0.199651 0.0723476
0.179577 1.11567 -0.246312 0.0879617
0.21725 1.20515 -0.261093 0.0744408
0.132129 1.16371 -0.268589 0.134862
0.217668 1.24455 -0.193172 0.048605
0.131654 1.19385 -0.262764 0.139272
0.227839 1.18713 -0.184485 0.0382948
0.167006 1.20326 -0.229481 0.101514
0.210344 1.23968 -0.198209 0.0536977
0.143543 1.27366 -0.232419 0.0742713
0.178575 1.29209 -0.168804 0.0143787
0.158108 1.2053 -0.241373 0.113704
0.159513 1.20097 -0.25387 0.116096
0.137609 1.18904 -0.270262 0.13677
0.124664 1.18403 -0.270994 0.146171
0.12457 1.17715 -0.272505 0.145449
0.130162 1.12125 -0.227975 0.101254
0.0806291 1.11751 -0.226542 0.11388
0.160214 1.20587 -0.234959 0.110003
0.13036 1.29677 -0.204102 0.0490174
0.127514 1.29536 -0.208546 0.0543806
0.126473 1.29419 -0.207345 0.0545584
0.12633 1.29396 -0.207256 0.0546564
0.126554 1.29422 -0.207187 0.0543861
0.168456 1.28381 -0.229471 0.0621118
0.189079 1.27097 -0.283427 0.0465435
0.161142 1.21357 -0.233458 0.106566
0.175735 1.29382 -0.253329 0.0425835
0.147871 1.27039 -0.233993 0.0758015
0.145776 1.25889 -0.23827 0.0856499
0.152554 1.2587 -0.249785 0.0801342
0.16617 1.26685 -0.266143 0.0623357
0.169785 1.27948 -0.260241 0.0523712
0.127976 1.1952 -0.260517 0.140709
0.172567 1.26355 -0.274179 0.0603277
0.162012 1.23576 -0.27224 0.0884495
0.136756 1.21412 -0.260818 0.120857
0.142527 1.24634 -0.242194 0.0967682
0.158203 1.29707 -0.222363 0.0537174
0.177583 1.20883 -0.273087 0.101919
0.140577 1.20586 -0.240171 0.124842
0.191429 1.248 -0.21307 0.068366
0.0963429 1.15106 -0.250493 0.137275
0.184755 1.1151 -0.238995 0.0803079
0.173582 1.121 -0.238182 0.0858602
0.149736 1.1618 -0.276455 0.124781
0.201662 1.18328 -0.192093 0.051169
0.199254 1.18513 -0.194744 0.0547813
0.195561 1.18759 -0.198926 0.0601981
0.180424 1.1713 -0.224211 0.0742259
0.211925 1.18833 -0.197675 0.0527915
0.173921 1.2003 -0.223965 0.0928377
0.156238 1.26509 -0.248365 0.0738672
0.208784 1.19574 -0.20583 0.0612676
0.170433 1.28396 -0.257016 0.0501486
0.146304 1.23843 -0.258462 0.0968354
0.179513 1.20786 -0.278272 0.10302
0.18121 1.20899 -0.279224 0.101521
0.123299 1.19726 -0.256784 0.142317
0.124916 1.20072 -0.250556 0.138895
0.135496 1.19587 -0.263987 0.135449
0.131888 1.19411 -0.262503 0.139045
0.132423 1.19409 -0.262759 0.138725
0.18663 1.21392 -0.283731 0.0963303
0.14893 1.19411 -0.269191 0.128872
0.146879 1.20637 -0.238883 0.1204
0.135048 1.2329 -0.246043 0.110137
0.210349 1.2405 -0.292843 0.0704334
0.146271 1.21648 -0.266486 0.112942
0.217716 1.23756 -0.296238 0.072987
0.218339 1.23801 -0.296498 0.0726974
0.193254 1.21743 -0.286474 0.0915865
0.197368 1.21963 -0.288311 0.0887893
0.228035 1.19241 -0.223599 0.0525952
0.177517 1.24059 -0.220286 0.0802855
0.173961 1.23525 -0.222872 0.0852915
0.183808 1.24882 -0.215974 0.0726567
0.186141 1.25126 -0.214508 0.0702854
0.188638 1.2542 -0.213043 0.067691
0.193286 1.26003 -0.210427 0.0631119
0.193169 1.26046 -0.210674 0.0629231
0.194126 1.26092 -0.209961 0.0624054
0.159794 1.21288 -0.234134 0.107973
0.164369 1.22052 -0.230382 0.100064
0.170158 1.20137 -0.253375 0.107891
0.169286 1.20238 -0.246204 0.10601
0.201867 1.25886 -0.206458 0.0595097
0.236277 1.22087 -0.278554 0.0659167
0.200063 1.20292 -0.261721 0.08716
0.139037 1.13542 -0.278236 0.105583
0.232626 1.10753 -0.296443 0.0340381
0.217704 1.20458 -0.260425 0.074079
0.234647 1.20162 -0.247679 0.0589545
0.224785 1.18697 -0.188469 0.0421563
0.206085 1.20352 -0.261271 0.0825144
0.201286 1.20294 -0.261213 0.0860771
0.221476 1.18683 -0.192471 0.0462777
0.179217 1.20363 -0.224967 0.0911945
0.199785 1.16039 -0.295838 0.0749814
0.207717 1.19701 -0.218713 0.0660483
0.137676 1.13048 -0.244507 0.111986
0.214953 1.19641 -0.234941 0.0666682
0.211459 1.19687 -0.236753 0.0698577
0.214211 1.19644 -0.234523 0.0670205
0.216394 1.21805 -0.195129 0.0504831
0.189987 1.20999 -0.214613 0.077508
0.206011 1.21088 -0.203524 0.0614241
0.159474 1.21083 -0.235174 0.109413
0.17902 1.23011 -0.222223 0.0842582
0.162764 1.21441 -0.232579 0.104827
0.167625 1.21698 -0.229159 0.0990023
0.160203 1.20588 -0.234964 0.110015
0.157654 1.20901 -0.236543 0.111898
0.15556 1.20653 -0.238142 0.114891
0.156477 1.20584 -0.239893 0.114664
0.15576 1.20614 -0.238851 0.114984
0.178066 1.20383 -0.225634 0.0923548
0.213174 1.23058 -0.196789 0.0517818
0.18347 1.20916 -0.21936 0.0846183
0.164317 1.2067 -0.232064 0.105319
0.230059 1.22408 -0.287001 0.0712894
0.214984 1.20835 -0.265558 0.0762089
0.20664 1.19737 -0.219431 0.0671737
0.225707 1.19421 -0.229485 0.0568663
0.222171 1.19447 -0.228183 0.0587148
0.196849 1.20471 -0.264601 0.0897375
0.199941 1.2056 -0.265108 0.0873173
0.216389 1.20284 -0.196476 0.0512702
0.227586 1.21169 -0.184665 0.0404683
0.228214 1.21211 -0.184088 0.0400061
0.218892 1.21151 -0.192675 0.0483928
0.221123 1.21582 -0.19158 0.0466575
0.21322 1.21125 -0.197925 0.0543269
0.202499 1.2034 -0.209126 0.0670177
0.203947 1.19828 -0.217231 0.0687139
0.198458 1.20004 -0.213959 0.0725335
0.151545 1.11934 -0.298967 0.0831448
0.145844 1.13681 -0.349717 0.0680469
0.194078 1.12417 -0.259017 0.0825839
0.15632 1.15026 -0.298781 0.109239
0.154599 1.19522 -0.269192 0.124682
0.15365 1.19496 -0.269095 0.12543
0.164352 1.19834 -0.267228 0.116521
0.162374 1.19814 -0.263975 0.117385
0.17281 1.20007 -0.25815 0.107587
0.174907 1.20037 -0.256993 0.105642
0.250273 1.18014 -0.265316 0.0372259
0.237117 1.19443 -0.231917 0.0506769
0.259966 1.17352 -0.26887 0.0269204
0.220886 1.1968 -0.237089 0.0632453
0.204055 1.19827 -0.242623 0.0776134
0.19016 1.20241 -0.263059 0.0951442
0.184501 1.20166 -0.260198 0.0986977
0.185836 1.19984 -0.251299 0.0948679
0.200243 1.19844 -0.243906 0.0809665
0.179909 1.20098 -0.26467 0.103424
0.220206 1.12843 -0.193052 0.0244874
0.191144 1.11685 -0.220794 0.0641824
0.188687 1.11971 -0.179661 0.0355549
0.0665166 1.12756 -0.232685 0.119619
0.18441 1.10446 -0.244176 0.0801675
0.185831 1.13041 -0.26238 0.0890542
0.178808 1.13596 -0.265207 0.0951453
0.0845195 1.08385 -0.180707 0.0789749
0.0767908 1.15888 -0.251156 0.142705
0.164201 1.12396 -0.247368 0.0978837
0.229097 1.13413 -0.177151 0.00867889
0.268054 1.14135 -0.284544 0.0176784
0.255884 1.13299 -0.275071 0.0305018
0.204154 1.10792 -0.228215 0.0648374
0.183585 1.11838 -0.228313 0.0733558
0.208051 1.11758 -0.257371 0.0729888
0.188507 1.09485 -0.243196 0.0738439
0.184474 1.12255 -0.254226 0.0870985
0.116675 1.1416 -0.25011 0.126677
0.125272 1.12875 -0.242725 0.115845
0.0383561 1.0454 -0.310529 0.0489477
0.0938082 1.0905 -0.222454 0.0966205
0.0959787 1.06962 -0.208914 0.0794981
0.155304 1.15893 -0.2781 0.119956
0.0671552 1.15931 -0.252461 0.142861
0.0665261 1.15513 -0.249921 0.139464
0.0663612 1.15297 -0.248587 0.137736
0.0661367 1.14044 -0.240782 0.128255
0.0286676 1.09054 -0.283901 0.082822
0.0282602 1.08739 -0.284605 0.0803895
0.0312965 1.08446 -0.27715 0.0767324
0.0294929 1.07143 -0.281826 0.0669772
0.0269044 1.07267 -0.288203 0.069549
0.0272862 1.07795 -0.287171 0.0733264
0.0423241 1.08359 -0.311998 0.0749079
0.0413613 1.07771 -0.312196 0.0705209
0.0674859 1.08464 -0.314146 0.0704493
0.0609794 1.08564 -0.31353 0.0718914
0.0708686 1.08466 -0.314405 0.0703978
0.0990638 1.08965 -0.270082 0.0756257
0.0642018 1.10283 -0.193153 0.0839042
0.0632266 1.09821 -0.184554 0.0772839
0.0276855 1.05315 -0.292698 0.0561486
0.0272936 1.05543 -0.292207 0.0577554
0.02712 1.05662 -0.291857 0.0585795
0.0285186 1.05503 -0.288747 0.0562491
0.0291161 1.05589 -0.286627 0.0562388
0.0270295 1.0575 -0.291662 0.0591722
0.0268366 1.06047 -0.291192 0.0611814
0.0266861 1.06477 -0.290173 0.0641019
0.0266855 1.06614 -0.289931 0.0650364
0.0402282 1.07165 -0.312151 0.0662254
0.0294721 1.06261 -0.283459 0.0604671
0.0297027 1.05976 -0.283786 0.0583349
0.0369229 1.0569 -0.274579 0.0522941
0.0604936 1.05911 -0.241928 0.0595954
0.0614066 1.06254 -0.239912 0.0631401
0.0622308 1.06847 -0.237454 0.0687989
0.0624493 1.07332 -0.236064 0.0731692
0.0625349 1.0553 -0.242151 0.0566195
0.0615268 1.0591 -0.241125 0.0599741
0.0604279 1.05805 -0.242384 0.0585854
0.0598346 1.05467 -0.244351 0.0551258
0.0625687 1.0527 -0.243316 0.0541413
0.0689991 1.04588 -0.244103 0.0488055
0.0749334 1.03899 -0.245707 0.0440318
0.0376862 1.05628 -0.273759 0.0515237
0.029211 1.05599 -0.28634 0.0562255
0.0622344 1.08117 -0.234591 0.0799873
0.0604604 1.09154 -0.234677 0.0882968
0.0639735 1.1006 -0.189525 0.0810824
0.0617807 1.11545 -0.234108 0.108607
0.0651988 1.12454 -0.233096 0.116822
0.0394995 1.12816 -0.277264 0.11304
0.0343843 1.11432 -0.278657 0.101649
0.0585986 1.1087 -0.235921 0.102252
0.0590187 1.10873 -0.235244 0.102551
0.0583063 1.10612 -0.235538 0.100265
0.0579905 1.10459 -0.235669 0.0989442
0.0591522 1.09713 -0.235205 0.0927504
0.0295887 1.06561 -0.282624 0.0625507
0.0480684 1.10078 -0.250497 0.0910745
0.0347399 1.09533 -0.27047 0.085331
0.0338361 1.09884 -0.273119 0.0884095
0.0318227 1.10382 -0.278554 0.0931499
0.031856 1.10512 -0.27904 0.0942639
0.0340135 1.11324 -0.278825 0.100781
0.0329279 1.11001 -0.279366 0.0982154
0.0410624 1.13217 -0.277028 0.116444
0.0437297 1.13868 -0.276436 0.122082
0.060915 1.15505 -0.258913 0.137725
0.0314821 1.10529 -0.279875 0.0945243
0.0312292 1.1044 -0.280011 0.0938283
0.0297284 1.09704 -0.282253 0.0879209
0.0291233 1.09355 -0.28307 0.0851757
0.0327248 1.08997 -0.274218 0.0810264
0.0726903 1.00534 -0.260944 0.0099645
0.114839 1.1919 -0.261887 0.149425
0.124567 1.12616 -0.237793 0.112047
0.137354 1.20292 -0.225121 0.117244
0.136677 1.1161 -0.216441 0.0889871
0.145715 1.19939 -0.212783 0.103399
0.144793 1.19988 -0.214415 0.105157
0.197121 1.11936 -0.192889 0.0401009
0.19888 1.11945 -0.189648 0.0368897
0.161667 1.19064 -0.180403 0.0718538
0.176361 1.18694 -0.194694 0.0684634
0.165513 1.18945 -0.193628 0.0759006
0.14859 1.2006 -0.220273 0.106315
0.168863 1.18752 -0.190307 0.0711699
0.173017 1.18878 -0.197716 0.0729925
0.185519 1.18118 -0.186637 0.0558913
0.155957 1.196 -0.165208 0.0714198
0.13116 1.20415 -0.227342 0.121962
0.13191 1.20481 -0.209611 0.110263
0.127073 1.20523 -0.218786 0.118551
0.142217 1.20163 -0.21332 0.106433
0.142657 1.20242 -0.189489 0.092398
0.101031 1.11831 -0.231105 0.115507
0.0835171 1.19831 -0.145092 0.0812828
0.181239 1.17928 -0.178213 0.0534888
0.144606 1.20234 -0.224008 0.111792
0.139317 1.20353 -0.229305 0.118676
0.213698 1.12265 -0.172718 0.0164496
0.164062 1.12061 -0.206277 0.0683899
0.16813 1.11961 -0.198705 0.060462
0.164223 1.1206 -0.206028 0.0681154
0.166526 1.11102 -0.186106 0.0522064
0.1441 1.12961 -0.246502 0.10943
0.161688 1.12405 -0.229367 0.0860244
0.170614 1.12172 -0.220526 0.0743591
0.177971 1.12023 -0.213107 0.0648267
0.134718 1.20393 -0.234105 0.124508
0.184648 1.11958 -0.184059 0.040691
0.196146 1.11933 -0.193941 0.0413167
0.113679 1.09804 -0.198951 0.0874248
0.102602 1.14854 -0.250457 0.134218
0.0808223 1.19949 -0.191936 0.109345
0.0807611 1.19953 -0.193343 0.110368
0.0803422 1.19966 -0.202876 0.117419
0.0891898 1.20457 -0.228104 0.138252
0.0924487 1.20613 -0.224017 0.135434
0.123007 1.11088 -0.212285 0.0926194
0.13725 1.11076 -0.207056 0.0816066
0.0928281 1.2049 -0.227786 0.1377
0.0869562 1.11149 -0.223831 0.110921
0.0877252 1.10819 -0.219881 0.107431
0.0957741 1.08838 -0.199261 0.0922177
0.0929374 1.10634 -0.22191 0.108804
0.112581 1.10066 -0.202674 0.0902155
0.139557 1.0962 -0.180932 0.0657159
0.215213 1.13074 -0.158331 0.00675108
0.116555 1.2122 -0.188628 0.107748
0.0941458 1.20212 -0.237131 0.143263
0.0932575 1.20376 -0.231217 0.139807
0.0949364 1.2013 -0.239956 0.144829
0.0899161 1.19566 -0.252564 0.154398
0.109319 1.11157 -0.217582 0.102454
0.10145 1.13302 -0.240358 0.124655
0.113819 1.09298 -0.192903 0.0836722
0.0922426 1.20154 -0.237538 0.143992
0.114672 1.21428 -0.181596 0.105843
0.102585 1.21045 -0.182427 0.107571
0.0962724 1.20787 -0.214125 0.128348
0.112152 1.2172 -0.171435 0.103867
0.0978639 1.01558 -0.251162 0.0327406
0.144623 1.20346 -0.168551 0.0822796
0.136551 1.20576 -0.183964 0.0939709
0.133543 1.20613 -0.18972 0.0984206
0.123286 1.20701 -0.209357 0.114819
0.100068 1.19731 -0.256761 0.154231
0.0976714 1.19588 -0.258728 0.15629
0.0996879 1.19754 -0.255549 0.153554
0.0999024 1.19777 -0.254405 0.152662
0.0995395 1.19762 -0.255104 0.153311
0.218731 1.13474 -0.161436 0.0055749
0.100487 1.1918 -0.263252 0.157027
0.128567 1.10554 -0.201763 0.082715
0.1059 1.19276 -0.26152 0.153635
0.116797 1.19503 -0.25824 0.146906
0.123794 1.20035 -0.246868 0.137414
0.119488 1.19894 -0.25334 0.143584
0.108697 1.19776 -0.255271 0.149484
0.152242 1.10636 -0.188426 0.0615604
0.0950733 1.03852 -0.234584 0.0555498
0.22233 1.13276 -0.158912 0.00167952
0.219678 1.13175 -0.169784 0.00975315
0.215308 1.13069 -0.158505 0.00665145
0.095318 1.04796 -0.233722 0.062888
0.173345 1.13308 -0.260005 0.0966867
0.094628 1.06446 -0.227342 0.0762052
0.0949638 1.05474 -0.23077 0.0683612
0.0951647 1.04643 -0.229195 0.0621433
0.0951804 1.05238 -0.231763 0.0664736
0.0947686 1.0826 -0.223696 0.0904238
0.0946745 1.06394 -0.226879 0.0757695
0.0946319 1.06461 -0.227301 0.0763219
0.0946184 1.06494 -0.227216 0.0765733
0.0978855 1.05214 -0.201725 0.0683215
0.098713 1.03894 -0.19655 0.0618795
0.0965019 1.08308 -0.22559 0.0899193
0.0463325 1.02906 -0.314119 0.0319061
0.0644907 1.01496 -0.261338 0.017716
0.0589029 1.01469 -0.265475 0.0185563
0.207716 1.11644 -0.255675 0.073366
0.0809027 1.02141 -0.298162 0.0119911
0.0348596 1.04063 -0.304099 0.0460199
0.0724789 1.00673 -0.262031 0.0103674
0.0589032 1.01458 -0.265527 0.0184629
0.0859092 1.0649 -0.331424 0.0480693
0.148009 1.076 -0.383045 0.0128466
0.0710503 1.02263 -0.258314 0.025038
0.0721502 1.0252 -0.255426 0.0287399
0.0759 1.01906 -0.25977 0.0219871
0.0952396 1.04642 -0.234445 0.0616032
0.0951705 1.04407 -0.234444 0.0597689
0.0944373 1.0459 -0.234969 0.0606579
0.0385149 1.03545 -0.313285 0.0418262
0.0757265 1.02579 -0.253422 0.0307557
0.0851568 1.03874 -0.242417 0.048495
0.0379771 1.03786 -0.309406 0.0442005
0.035227 1.04504 -0.305012 0.0487458
0.0784485 1.02682 -0.306665 0.020146
0.0791359 1.00696 -0.291571 0.00315908
0.0711529 1.01294 -0.300419 0.00865595
0.0803644 1.00965 -0.298224 0.00585962
0.0385348 1.03523 -0.313563 0.0416223
0.148003 1.13127 -0.332391 0.0766172
0.159391 1.15283 -0.272781 0.114226
0.154385 1.12158 -0.246114 0.0999448
0.14594 1.10093 -0.291135 0.0705511
0.201914 1.11291 -0.328532 0.0649023
0.200455 1.10817 -0.245745 0.0769211
0.218464 1.11355 -0.282376 0.0518404
0.215535 1.10573 -0.24668 0.0700565
0.210178 1.11095 -0.250378 0.0722205
0.213863 1.10834 -0.248788 0.070536
0.18967 1.11024 -0.244853 0.0821473
0.193027 1.09118 -0.242507 0.0713351
0.128247 1.14949 -0.257456 0.128024
0.127215 1.1465 -0.255334 0.126758
0.127432 1.1473 -0.255785 0.127157
0.143895 1.12968 -0.246699 0.109704
0.183324 1.11364 -0.245832 0.0857112
0.188362 1.102 -0.243616 0.077969
0.144278 1.12957 -0.246714 0.109458
0.139368 1.13049 -0.246402 0.112292
0.152285 1.12271 -0.24613 0.1015
0.157986 1.15713 -0.278216 0.117433
0.18412 1.07808 -0.243933 0.0654736
0.154868 1.12079 -0.246044 0.0992118
0.152683 1.12432 -0.2465 0.102443
0.17899 1.09452 -0.244146 0.0752275
0.171599 1.10049 -0.244672 0.080395
0.162175 1.14578 -0.304381 0.103149
0.182183 1.08518 -0.244002 0.0693039
0.169962 1.12103 -0.247152 0.0941388
0.147182 1.09244 -0.29465 0.062062
0.163039 1.1073 -0.245127 0.0871244
0.192762 1.05503 -0.267029 0.0348872
0.177314 1.08343 -0.244294 0.0688851
0.184669 1.07654 -0.243897 0.0647056
0.150488 1.12782 -0.247072 0.105663
0.169773 1.12114 -0.247162 0.0942645
0.251089 1.13242 -0.273322 0.0343232
0.241302 1.13562 -0.274231 0.0409813
0.126171 1.11788 -0.355122 0.0624293
0.176637 1.14125 -0.304574 0.0941781
0.177378 1.13951 -0.308449 0.0925488
0.180936 1.13736 -0.31156 0.0894928
0.197717 1.11898 -0.255213 0.079401
0.196521 1.12201 -0.257728 0.0807575
0.26778 1.14 -0.283262 0.0186832
0.207807 1.10192 -0.241756 0.0739377
0.196218 1.12279 -0.25852 0.0810665
0.199098 1.12115 -0.257816 0.0790174
0.21439 1.10764 -0.248242 0.0703511
0.213102 1.11365 -0.267292 0.0625124
0.211736 1.11377 -0.254048 0.0710323
0.210619 1.11492 -0.254941 0.0716386
0.214174 1.10813 -0.248653 0.0704027
0.175326 1.12496 -0.253272 0.0924871
0.177307 1.1088 -0.24501 0.0844473
0.152488 1.15761 -0.314272 0.102226
0.232852 1.09527 -0.294526 0.0279
0.175682 1.11782 -0.246725 0.0904006
0.175086 1.11012 -0.245191 0.0858257
0.216762 1.10458 -0.245827 0.0696615
0.216103 1.10685 -0.247807 0.0695846
0.218725 1.10521 -0.246644 0.0685338
0.215112 1.11063 -0.251585 0.0693749
0.21687 1.10958 -0.257658 0.0638924
0.215781 1.11009 -0.251165 0.0690635
0.232675 1.09347 -0.297113 0.0263268
0.170928 1.14241 -0.268344 0.102537
0.232678 1.14072 -0.275994 0.0473584
0.239473 1.11852 -0.257668 0.0502239
0.255259 1.0921 -0.295343 0.00853287
0.248657 1.08567 -0.297798 0.0100555
0.1758 1.1431 -0.273687 0.0997745
0.250234 1.13186 -0.272357 0.0352902
0.245277 1.12665 -0.266868 0.0408815
0.194693 1.12694 -0.264437 0.0821533
0.240826 1.09386 -0.259743 0.044658
0.240092 1.09434 -0.259215 0.0455151
0.265966 1.13905 -0.28189 0.0203955
0.0862502 1.05709 -0.332363 0.0420881
0.263516 1.13728 -0.279317 0.0233337
0.246029 1.11957 -0.259933 0.0448609
0.145333 1.1046 -0.289663 0.0742475
0.213475 1.1324 -0.266712 0.0658458
0.19465 1.12696 -0.263636 0.0825292
0.194885 1.12679 -0.263526 0.0823414
0.235139 1.11384 -0.266152 0.0464709
0.210734 1.11637 -0.272618 0.0630007
0.184835 1.13554 -0.278524 0.0884081
0.18248 1.13736 -0.2703 0.0932165
0.184075 1.13592 -0.269376 0.0916974
0.205135 1.11976 -0.258995 0.0748344
0.143016 1.10857 -0.28529 0.0794469
0.0877785 1.06203 -0.334226 0.0452636
0.14444 1.10628 -0.28796 0.0763661
0.0752769 1.06016 -0.31395 0.0488597
0.0865845 1.05628 -0.332881 0.0413958
0.138933 1.11703 -0.277566 0.0901921
0.130677 1.13687 -0.261843 0.115084
0.130539 1.13722 -0.261471 0.115558
0.130485 1.13732 -0.26148 0.115664
0.0847111 1.0776 -0.297509 0.0595884
0.085143 1.06165 -0.330535 0.0458677
0.0843053 1.06141 -0.329581 0.0459404
0.0762036 1.05791 -0.312949 0.0465086
0.0801704 1.0307 -0.311514 0.0236002
0.0383531 1.04545 -0.310527 0.0489808
0.0716033 1.01546 -0.299943 0.0107345
0.0713291 1.08223 -0.314457 0.0682056
0.077839 1.05758 -0.317855 0.0453917
0.0817425 1.05788 -0.324499 0.043977
0.0723737 1.07518 -0.314585 0.061938
0.0981431 1.0767 -0.276578 0.0623605
0.0800694 1.03107 -0.311507 0.0238951
0.0637207 1.01668 -0.310496 0.0131421
0.0772565 1.02329 -0.303634 0.0170309
0.0669271 1.01728 -0.30409 0.0133903
0.0795431 1.00902 -0.295967 0.0048913
0.0385002 1.05472 -0.31109 0.0547669
0.077124 1.02614 -0.304505 0.0195602
0.0767543 1.02639 -0.304162 0.0198254
0.0383548 1.03967 -0.31018 0.0453016
0.0373112 1.04112 -0.32073 0.0431082
0.0383777 1.03966 -0.310177 0.0452778
0.0669211 1.01418 -0.30723 0.0104647
0.038541 1.03525 -0.313421 0.04166
0.0802623 1.03044 -0.311508 0.0233793
0.0847415 1.04387 -0.299277 0.02965
0.0759263 1.05416 -0.313199 0.0436841
0.0816856 1.0487 -0.322602 0.0367044
0.0983489 1.05386 -0.327836 0.031632
0.0947037 1.03091 -0.310378 0.0144009
0.0763345 1.05223 -0.31321 0.0419371
0.0762608 1.0498 -0.312487 0.0399576
0.0448452 1.02967 -0.317996 0.0325233
0.0798395 1.02527 -0.308091 0.0188981
0.0362002 1.03792 -0.327563 0.0399186
0.038434 1.03624 -0.312726 0.0424856
0.0775144 1.02893 -0.306681 0.0220666
0.0385048 1.06162 -0.316233 0.057646
0.0369078 1.04846 -0.322477 0.0470414
0.0400968 1.07039 -0.31215 0.0653185
0.0380549 1.05248 -0.31536 0.0517948
0.0762758 1.04947 -0.312435 0.0396882
0.0782337 1.03809 -0.311605 0.0297779
0.0769432 1.04056 -0.310698 0.0320923
0.0388769 1.03495 -0.313476 0.0412131
0.0384885 1.03554 -0.314567 0.0416022
0.0385386 1.03506 -0.314769 0.0412478
0.0406066 1.03311 -0.315902 0.0382593
0.0385357 1.03455 -0.31529 0.0407749
0.0390082 1.06041 -0.311667 0.0584494
0.0391779 1.06345 -0.311803 0.0605373
0.144105 1.16277 -0.310795 0.109387
0.100413 1.07874 -0.336623 0.0481644
0.127314 1.09371 -0.382519 0.0394889
0.0758486 1.05944 -0.31334 0.0479514
0.0743932 1.06413 -0.314274 0.0522799
0.0792668 1.05611 -0.319756 0.0435672
0.0959955 1.06805 -0.350391 0.0470253
0.149743 1.11721 -0.347227 0.0564738
0.197139 1.14201 -0.354193 0.055763
0.149801 1.12388 -0.339906 0.0660037
0.140187 1.16607 -0.275386 0.132454
0.13816 1.08622 -0.38251 0.0266609
0.131701 1.08953 -0.399226 0.0349936
0.186062 1.15147 -0.357894 0.0535515
0.180901 1.15595 -0.359693 0.0532494
0.129327 1.10444 -0.366427 0.0473199
0.13046 1.09246 -0.324271 0.0480995
0.136561 1.1675 -0.274967 0.135304
0.133187 1.16231 -0.268532 0.133645
0.13314 1.16243 -0.268443 0.133786
0.186548 1.11794 -0.325399 0.0731556
0.117292 1.1186 -0.359513 0.0665271
0.129883 1.10226 -0.359463 0.0464195
0.146136 1.15778 -0.30601 0.111661
0.134922 1.14983 -0.325059 0.0973599
0.139821 1.1639 -0.280632 0.129735
0.137544 1.14628 -0.33305 0.0885992
0.135956 1.14542 -0.334868 0.0875903
0.152769 1.1161 -0.377397 0.0349732
0.187085 1.15126 -0.359036 0.0523957
0.162179 1.14443 -0.265612 0.107815
0.186204 1.15158 -0.358396 0.0531009
0.19112 1.12734 -0.3232 0.0791266
0.13043 1.11729 -0.353116 0.0606946
0.138891 1.1437 -0.338211 0.0829754
0.140091 1.13913 -0.344572 0.0755307
0.135992 1.14537 -0.334982 0.0874636
0.160897 1.12157 -0.329766 0.0699523
0.122646 1.102 -0.372879 0.0490439
0.155308 1.16935 -0.346977 0.075807
0.156397 1.12015 -0.349149 0.0553674
0.152841 1.09634 -0.367321 0.0282201
0.173274 1.11129 -0.245356 0.0870439
0.134457 1.16044 -0.267203 0.131805
0.15982 1.13029 -0.250972 0.102417
0.142191 1.1652 -0.275543 0.130846
0.133154 1.16246 -0.268481 0.133799
0.130748 1.17442 -0.363006 0.0797044
0.131032 1.0963 -0.372696 0.0394018
0.131252 1.17014 -0.377796 0.0695992
0.136534 1.17465 -0.354062 0.0818614
0.161089 1.11903 -0.246133 0.0957974
0.194973 1.14259 -0.351901 0.0576827
0.120524 1.13252 -0.393948 0.0566553
0.142774 1.11023 -0.392978 0.0292178
0.144908 1.15866 -0.305793 0.112559
0.15452 1.15715 -0.316944 0.0990776
0.13214 1.15808 -0.410413 0.0556932
0.156457 1.13763 -0.361344 0.0537913
0.143058 1.15507 -0.312154 0.106539
0.154431 1.15193 -0.308219 0.105219
0.129329 1.15077 -0.327436 0.0983237
0.206866 1.12624 -0.337452 0.0699044
0.172051 1.14434 -0.35937 0.0519587
0.142518 1.08493 -0.379227 0.0228258
0.163821 1.10083 -0.37684 0.0213876
0.196866 1.12241 -0.327862 0.0743636
0.193178 1.12953 -0.323043 0.0802938
0.189236 1.13156 -0.320469 0.0828437
0.148288 1.10222 -0.351558 0.0430131
0.178605 1.13664 -0.314052 0.0901126
0.158956 1.12511 -0.372016 0.0400578
0.180438 1.09333 -0.244005 0.0742711
0.199408 1.11751 -0.331042 0.0706506
0.197305 1.11343 -0.331754 0.0682384
0.164007 1.11393 -0.245586 0.0914
0.162022 1.11742 -0.245901 0.0944216
0.152753 1.1528 -0.30732 0.106786
0.156485 1.11443 -0.378898 0.0316035
0.15643 1.11554 -0.362457 0.0427985
0.158151 1.11312 -0.381167 0.0286524
0.154558 1.13184 -0.384382 0.0345915
0.178491 1.10284 -0.244504 0.0804031
0.168898 1.14935 -0.27737 0.107058
0.170467 1.14702 -0.294406 0.101955
0.163827 1.15377 -0.283067 0.111574
0.172423 1.14265 -0.304098 0.0970586
0.174058 1.1389 -0.311393 0.0935422
0.164473 1.14403 -0.306701 0.100826
0.170095 1.13281 -0.313615 0.0891331
0.179409 1.12467 -0.319776 0.0800866
