-0.981511 1.39573 -0.126895 0.0269783
-0.782831 1.20393 -0.0547051 0.0440045
-0.960119 1.30035 -0.0757843 0.040784
-0.997925 1.49147 -0.186207 0.0378211
-0.670805 1.26812 -0.141445 0.0384475
-0.996834 1.37234 -0.115247 0.0357555
-0.982878 1.38189 -0.124216 0.0264211
-0.921498 1.26249 -0.0536582 0.0427694
-0.765895 1.54954 -0.281486 0.054729
-0.993526 1.36308 -0.102498 0.0354541
-0.98969 1.39716 -0.124901 0.0350512
-0.651163 1.3141 -0.166321 0.0315241
-1.01623 1.40365 -0.130597 0.0237805
-0.645243 1.29037 -0.152476 0.0257707
-0.697899 1.28841 -0.155389 0.00308646
-0.750403 1.20123 -0.0847496 0.0497813
-0.999381 1.41205 -0.131549 0.0391954
-0.866321 1.22001 -0.043865 0.0479962
-0.978679 1.3317 -0.0875714 0.038578
-1.00221 1.41607 -0.14135 0.0396457
-0.730007 1.52497 -0.255199 0.0549934
-0.9642 1.55689 -0.245729 0.0363715
-0.890397 1.57702 -0.273441 0.0382219
-0.860049 1.58138 -0.262444 0.0485293
-0.908968 1.59534 -0.258935 0.022855
-0.941411 1.57391 -0.261729 0.0323502
-0.879577 1.57677 -0.27108 0.040936
-0.878353 1.57705 -0.262804 0.0431813
-0.911227 1.58215 -0.258296 0.0351507
-1.00096 1.51729 -0.215017 0.0341132
-0.995788 1.50118 -0.195818 0.0393727
-0.874093 1.57653 -0.283203 0.0403908
-0.953789 1.56802 -0.239041 0.0347424
-0.873045 1.57873 -0.264916 0.0438736
-0.87827 1.57711 -0.269843 0.0414253
-0.997462 1.48968 -0.188137 0.038979
-0.672832 1.48656 -0.256569 0.0264
-0.828514 1.57696 -0.287509 0.0501567
-0.878357 1.57696 -0.261815 0.043433
-0.971505 1.54729 -0.244742 0.0399628
-0.75544 1.53902 -0.287898 0.0539178
-0.990856 1.52501 -0.205961 0.0418618
-0.872515 1.57841 -0.256293 0.0467342
-0.666219 1.48945 -0.256247 0.0197872
-0.783032 1.56697 -0.270917 0.0591409
-0.697893 1.49639 -0.246479 0.0480606
-0.788901 1.56351 -0.290045 0.0545749
-0.665543 1.26442 -0.141425 0.0444172
-0.972024 1.39336 -0.130164 0.0183613
-0.66104 1.27588 -0.139838 0.0417906
-0.854968 1.21376 -0.0435883 0.0495277
-0.706055 1.21148 -0.101114 0.0530285
-0.675011 1.45834 -0.239238 0.0370748
-0.650896 1.41598 -0.220881 0.0413907
-0.643545 1.29045 -0.153577 0.0241967
-0.652979 1.27471 -0.129761 0.0385371
-0.66178 1.27454 -0.131594 0.0453213
-0.756092 1.54257 -0.278934 0.0545164
-0.726143 1.2065 -0.087672 0.0508235
-0.666637 1.48883 -0.256959 0.0200594
-0.788864 1.20209 -0.0573491 0.0437855
-0.983809 1.40035 -0.12358 0.0293915
-0.921116 1.2637 -0.0524412 0.0429908
-0.661072 1.27419 -0.149234 0.0403678
-0.995562 1.36696 -0.109409 0.0350654
-0.683215 1.26988 -0.150913 0.0267645
-0.658274 1.28503 -0.145086 0.0384725
-0.717654 1.20824 -0.0932689 0.0516241
-0.972065 1.39425 -0.129175 0.0181258
-0.706748 1.21626 -0.0845108 0.0508481
-0.654892 1.29188 -0.160663 0.0359054
-0.64973 1.28951 -0.16349 0.032266
-0.666903 1.25887 -0.149779 0.0453417
-0.685906 1.27167 -0.150974 0.0238056
-0.694114 1.28297 -0.153665 0.00970168
-1.01309 1.40563 -0.127912 0.0251937
-0.991376 1.3938 -0.129426 0.03671
-0.868081 1.21601 -0.0496891 0.0487971
-0.647024 1.33529 -0.161798 0.0345015
-0.713094 1.21334 -0.0835211 0.050036
-0.681603 1.46961 -0.238376 0.040817
-0.983252 1.40131 -0.122727 0.0290184
-0.946404 1.28057 -0.0692988 0.0419367
-0.88727 1.1874 -0.0182765 0.00406542
-0.948269 1.2926 -0.0657589 0.0421107
-0.999729 1.43201 -0.142786 0.0386959
-0.992502 1.38333 -0.106941 0.0365196
-1.00027 1.46828 -0.178378 0.0381807
-1.02671 1.37785 -0.100108 0.00225838
-0.997412 1.42993 -0.145085 0.0354958
-0.964358 1.37891 -0.117796 0.00763351
-1.02111 1.37531 -0.102603 0.00873484
-0.902119 1.5486 -0.27727 0.00959209
-0.884324 1.23394 -0.0436959 0.0454242
-1.00072 1.42918 -0.144805 0.0385555
-1.00292 1.4501 -0.169555 0.0380974
-0.988733 1.34413 -0.0995677 0.0378328
-0.992965 1.39438 -0.127943 0.0381106
-0.970988 1.38827 -0.13703 0.0209951
-0.975268 1.3949 -0.128247 0.0210093
-0.650014 1.41395 -0.217612 0.0413235
-0.643593 1.34282 -0.178748 0.0352682
-0.671468 1.45506 -0.231085 0.0385624
-0.972922 1.32366 -0.0829263 0.0392136
-0.982175 1.33259 -0.0921955 0.0386213
-0.907336 1.2505 -0.0489248 0.0434443
-0.644656 1.45903 -0.234375 0.0156463
-0.972829 1.40412 -0.12326 0.0193639
-0.982991 1.40073 -0.123496 0.0286177
-0.964575 1.3993 -0.127512 0.0100633
-0.996342 1.40189 -0.131705 0.0381287
-0.973212 1.38043 -0.126332 0.0176131
-0.971806 1.32641 -0.0802881 0.0394546
-0.960442 1.37596 -0.118018 0.003677
-0.966461 1.37913 -0.117376 0.00975651
-0.977698 1.38053 -0.119161 0.0207555
-0.985267 1.38361 -0.117332 0.0286702
-0.968326 1.38283 -0.11276 0.0136336
-0.990694 1.38574 -0.115794 0.0344486
-0.942497 1.28953 -0.0609034 0.0433639
-0.965772 1.37972 -0.116315 0.00938929
-0.965841 1.381 -0.114526 0.0103039
-0.713879 1.51048 -0.253445 0.0505269
-0.986113 1.34979 -0.0918544 0.0376927
-0.834633 1.20384 -0.0534229 0.048266
-0.907134 1.24655 -0.0520379 0.0436649
-0.954025 1.3019 -0.0684851 0.0416926
-0.654297 1.30416 -0.151649 0.0338645
-0.907053 1.24541 -0.0529811 0.0438033
-0.830761 1.20771 -0.0462011 0.0475349
-0.908882 1.24405 -0.0507339 0.0406357
-0.892267 1.233 -0.0517831 0.0453048
-0.84369 1.21218 -0.0417405 0.0490228
-0.869239 1.21773 -0.0482698 0.0484451
-1 1.46867 -0.177422 0.0379622
-0.996759 1.3731 -0.115462 0.035774
-0.993457 1.38492 -0.125897 0.0371682
-0.992141 1.38627 -0.115302 0.0359925
-0.993017 1.36683 -0.100059 0.0359495
-1.00006 1.37209 -0.108508 0.0303465
-1.00144 1.458 -0.171657 0.0372264
-0.812763 1.20763 -0.0445448 0.0463684
-0.868351 1.2154 -0.0506372 0.0489933
-0.992999 1.39434 -0.128217 0.0381758
-0.935188 1.55524 -0.24419 0.014372
-0.992124 1.36391 -0.098472 0.0360251
-0.988764 1.34397 -0.0997001 0.0378676
-1.02572 1.37618 -0.100625 0.00415565
-0.966012 1.31506 -0.0773887 0.0399228
-0.99564 1.37163 -0.110599 0.0351815
-1.00978 1.37583 -0.113705 0.0233866
-0.879386 1.57679 -0.270897 0.0410284
-0.992257 1.3979 -0.123163 0.0376674
-0.991491 1.3992 -0.117825 0.0375817
-0.992964 1.39453 -0.127941 0.0381265
-0.993843 1.39836 -0.127509 0.0377366
-0.996636 1.40952 -0.126155 0.0387169
-1.02537 1.37615 -0.100787 0.00446686
-0.995389 1.3716 -0.109695 0.0351402
-0.993927 1.37114 -0.10424 0.0353599
-1.02533 1.37603 -0.100623 0.00451739
-0.994945 1.36217 -0.106923 0.03532
-0.995198 1.37154 -0.109005 0.035123
-0.956818 1.56463 -0.243803 0.0344463
-1.02525 1.37611 -0.100798 0.00458298
-0.997065 1.37238 -0.116123 0.0359283
-0.999861 1.37266 -0.116013 0.0334031
-0.867305 1.19423 -0.0248523 0.0214556
-1.01241 1.37386 -0.107044 0.0183185
-1.01692 1.37423 -0.104019 0.0131619
-1.02371 1.37468 -0.0997859 0.00629681
-0.994936 1.36219 -0.106888 0.0353182
-0.995575 1.36101 -0.109145 0.0354951
-0.992757 1.36753 -0.0991338 0.0361896
-0.998901 1.36813 -0.0966474 0.0301056
-0.994931 1.35914 -0.107476 0.035578
-0.994014 1.36278 -0.103969 0.0353538
-0.98997 1.34907 -0.0993715 0.0369851
-0.922217 1.25866 -0.057064 0.0425095
-0.933629 1.28007 -0.0567859 0.043526
-0.959512 1.30068 -0.0749811 0.040781
-0.988835 1.34391 -0.0998784 0.0378883
-0.907148 1.2451 -0.0533561 0.0438452
-0.861871 1.21419 -0.0479478 0.0489633
-0.891343 1.23449 -0.0493062 0.0449838
-0.889 1.2401 -0.0410778 0.0453149
-0.89101 1.23769 -0.0455757 0.0447752
-0.957688 1.30764 -0.0701024 0.0413618
-0.961472 1.30519 -0.0755486 0.0404552
-0.913551 1.25427 -0.0524373 0.0428302
-0.869119 1.22553 -0.0391193 0.0479677
-0.860551 1.20494 -0.0374558 0.0379235
-0.858521 1.20991 -0.0509884 0.0502958
-0.85852 1.21009 -0.0507139 0.0502484
-0.836339 1.20456 -0.0524637 0.0483057
-0.830982 1.2034 -0.0535987 0.0478268
-0.722063 1.20723 -0.0904448 0.0512218
-0.834049 1.20829 -0.0458622 0.0477931
-0.856499 1.21245 -0.0462574 0.0496369
-0.843302 1.20696 -0.0501768 0.0487834
-0.867195 1.19437 -0.025013 0.0216701
-0.878856 1.20131 -0.0322994 0.0238913
-0.857139 1.21118 -0.0447736 0.0476668
-0.872781 1.18622 -0.0267989 0.0161713
-0.844301 1.21103 -0.0438143 0.0488444
-0.858318 1.21001 -0.0507549 0.0502407
-0.855961 1.21206 -0.0466351 0.049636
-0.852307 1.21518 -0.0401755 0.0496702
-0.850959 1.21619 -0.0380118 0.0499674
-0.867059 1.19453 -0.0250224 0.0218375
-0.855622 1.2132 -0.0447401 0.0495562
-0.852786 1.2157 -0.0396473 0.0497316
-0.867315 1.19419 -0.0249856 0.0214883
-0.854658 1.21638 -0.0403196 0.0493315
-0.864444 1.19846 -0.0298388 0.0278957
-0.856738 1.20891 -0.0330315 0.0400106
-0.883841 1.19135 -0.0242955 0.010696
-0.887848 1.23241 -0.0485115 0.0453006
-0.749039 1.204 -0.0751502 0.0465801
-0.862154 1.2007 -0.0264648 0.0288626
-0.860975 1.20221 -0.0264965 0.0305037
-0.88898 1.1971 -0.0196655 0.0103342
-0.880714 1.20634 -0.0292186 0.024729
-0.878157 1.20889 -0.0330305 0.0296333
-0.870757 1.21863 -0.04252 0.044676
-0.95269 1.30442 -0.0660006 0.0425512
-0.953699 1.3054 -0.0666659 0.0423681
-0.907145 1.24513 -0.0533283 0.0438417
-0.968165 1.2833 -0.0594223 0.0208285
-0.909584 1.58571 -0.278082 0.0308685
-0.858111 1.21755 -0.0414571 0.0487005
-0.973025 1.32753 -0.0814985 0.0392827
-0.980309 1.33967 -0.0861975 0.0386646
-0.960772 1.31321 -0.0713798 0.0410927
-0.9511 1.29029 -0.0698347 0.0415016
-0.989874 1.35082 -0.0983299 0.0368294
-0.983933 1.33549 -0.0937332 0.0384477
-0.979937 1.34009 -0.0854448 0.0388013
-0.98126 1.34348 -0.0860599 0.038785
-0.980737 1.33861 -0.0873036 0.0384962
-0.707568 1.21557 -0.085187 0.0507943
-0.96054 1.30012 -0.0763369 0.0407986
-0.974758 1.33247 -0.0818123 0.0392329
-0.976351 1.32833 -0.0857888 0.0388751
-0.955375 1.3016 -0.0701131 0.0413215
-0.950951 1.29767 -0.0665935 0.0420287
-0.950184 1.29141 -0.0683326 0.041641
-0.948623 1.28386 -0.0701134 0.041788
-0.936544 1.2832 -0.0580174 0.0435347
-0.961521 1.29934 -0.0777518 0.0409001
-0.949937 1.29034 -0.0685986 0.0416269
-0.944298 1.29054 -0.0622841 0.0430257
-0.944498 1.29053 -0.0625172 0.0429533
-0.861229 1.21853 -0.0424182 0.0482996
-0.98958 1.35159 -0.0973202 0.0368493
-0.858522 1.20975 -0.0512394 0.0503371
-0.913005 1.24625 -0.0581902 0.0438402
-0.858375 1.21308 -0.0468759 0.0493546
-0.868449 1.21611 -0.0497798 0.0488003
-0.869054 1.22072 -0.0445554 0.0479756
-0.911432 1.24742 -0.0557676 0.0435147
-0.654538 1.30083 -0.15324 0.0339285
-0.86917 1.22008 -0.0453866 0.0480402
-0.906568 1.24693 -0.0510726 0.0436531
-0.909176 1.2452 -0.0553688 0.043872
-0.88494 1.22678 -0.0523243 0.0465671
-0.911859 1.25653 -0.0490445 0.0431591
-0.909413 1.24893 -0.0524771 0.0433164
-0.699616 1.28894 -0.156895 0.00118174
-0.896806 1.23855 -0.0502355 0.0443979
-0.90341 1.24315 -0.051834 0.0438826
-0.933771 1.26906 -0.0628915 0.0421554
-0.869127 1.22583 -0.0387703 0.0479968
-0.641272 1.36385 -0.177232 0.0385978
-0.909028 1.24344 -0.0567974 0.0442603
-0.899367 1.24118 -0.0500694 0.0440432
-0.93411 1.26824 -0.0637106 0.0422182
-0.632511 1.35929 -0.183887 0.0283796
-0.987691 1.34191 -0.0982171 0.0380391
-0.91825 1.2566 -0.0549989 0.0425688
-0.654222 1.30841 -0.148464 0.034634
-0.635766 1.2907 -0.161016 0.019161
-0.688967 1.27393 -0.150565 0.0203787
-0.988395 1.35641 -0.0925033 0.0375292
-0.921369 1.26346 -0.052877 0.0429049
-0.921795 1.26204 -0.0542808 0.0426805
-0.930504 1.26591 -0.061197 0.04208
-0.933605 1.28025 -0.0566632 0.0435804
-0.926389 1.26416 -0.0578648 0.0421673
-0.660919 1.27424 -0.151774 0.0401589
-0.934108 1.2683 -0.0636731 0.0422149
-0.990411 1.35354 -0.0983658 0.0364794
-0.986303 1.34596 -0.0938933 0.0376462
-0.985819 1.3432 -0.0940635 0.0378433
-0.983681 1.34803 -0.0879687 0.0385121
-0.992259 1.35548 -0.101943 0.0359104
-0.984244 1.3408 -0.0921881 0.0380306
-0.982853 1.34519 -0.0879127 0.038474
-0.984891 1.34383 -0.0920818 0.0379275
-0.983375 1.34827 -0.0873015 0.038675
-0.989635 1.35137 -0.0975384 0.0368479
-0.998394 1.46188 -0.161356 0.0366549
-0.996535 1.47849 -0.169698 0.0381935
-0.990581 1.52652 -0.203343 0.0425601
-0.999542 1.42711 -0.134163 0.0398478
-0.995977 1.49681 -0.188724 0.0391781
-0.962384 1.56071 -0.235275 0.0363131
-0.954227 1.56678 -0.243179 0.0341435
-0.993925 1.5128 -0.196421 0.040144
-1.00258 1.42073 -0.145131 0.0395356
-1.00097 1.51728 -0.215024 0.034104
-0.870485 1.57952 -0.260524 0.0460364
-0.942932 1.57461 -0.241761 0.0347943
-0.964723 1.55619 -0.248136 0.0366744
-0.879586 1.57679 -0.264167 0.0426035
-0.961884 1.55946 -0.246746 0.0355571
-0.998655 1.47894 -0.187537 0.0393978
-0.707611 1.50544 -0.252263 0.048899
-0.996067 1.48252 -0.17548 0.0381326
-0.995361 1.50248 -0.193892 0.0392811
-1.0011 1.53836 -0.218201 0.0267876
-0.997667 1.49457 -0.202805 0.0411039
-0.995759 1.48484 -0.176576 0.0381114
-1.00089 1.46748 -0.180605 0.0387905
-0.996583 1.49365 -0.187962 0.0390263
-0.936252 1.57825 -0.241905 0.0358664
-0.643314 1.3465 -0.17638 0.0356437
-1.00005 1.46855 -0.17753 0.0379866
-1.00167 1.42345 -0.142994 0.0391049
-0.909642 1.54782 -0.272136 0.00574981
-0.997043 1.47188 -0.167045 0.037187
-1.00121 1.42343 -0.139967 0.0391689
-1.002 1.45128 -0.166806 0.0373515
-1.00247 1.51691 -0.215407 0.0328917
-1.00086 1.47011 -0.18436 0.0395681
-0.998259 1.47505 -0.175187 0.0377877
-0.999148 1.44949 -0.155907 0.0367191
-0.991996 1.51944 -0.21575 0.0410402
-1.00112 1.45383 -0.164785 0.0368817
-1.00185 1.43937 -0.156256 0.0370629
-0.99265 1.51778 -0.205047 0.0406448
-0.993738 1.51314 -0.207822 0.0403911
-0.992318 1.51907 -0.202658 0.0408794
-0.992408 1.51868 -0.203376 0.0407993
-0.992613 1.51781 -0.203936 0.0406527
-1.00098 1.51732 -0.214988 0.0340807
-0.964286 1.55791 -0.237591 0.0363946
-0.981228 1.54046 -0.229177 0.0406121
-0.985231 1.52979 -0.233595 0.0423658
-0.997314 1.5202 -0.211581 0.036423
-0.993708 1.51515 -0.215693 0.0415151
-0.99198 1.52137 -0.208938 0.0412414
-0.921189 1.58123 -0.25262 0.0355414
-0.964227 1.55685 -0.245864 0.036388
-0.965008 1.55582 -0.24596 0.0366828
-0.946923 1.57198 -0.241496 0.0343415
-0.896144 1.54133 -0.27804 0.00360166
-0.974583 1.54484 -0.240597 0.0405775
-0.981923 1.53695 -0.235216 0.0416218
-0.965618 1.5355 -0.243779 0.032161
-0.963724 1.55746 -0.245804 0.0361997
-0.867906 1.57876 -0.2742 0.0423881
-0.953269 1.56668 -0.258462 0.0336618
-0.924404 1.58048 -0.254063 0.0344097
-0.96705 1.55377 -0.241344 0.0373267
-0.936977 1.55711 -0.243885 0.0167203
-0.961413 1.56011 -0.244975 0.035422
-0.971844 1.54607 -0.247404 0.0409006
-0.946257 1.54342 -0.238868 0.0143436
-0.892981 1.57793 -0.269743 0.0366206
-0.905349 1.60562 -0.265202 0.0104259
-0.938662 1.57095 -0.240219 0.0305799
-0.948002 1.57051 -0.254794 0.0324492
-0.949678 1.56919 -0.259058 0.0330333
-0.942188 1.57523 -0.239831 0.0356276
-0.956219 1.56598 -0.23972 0.0348234
-0.958717 1.56522 -0.233049 0.0364593
-0.921024 1.57998 -0.259891 0.0343752
-0.920589 1.56003 -0.261177 0.0156929
-0.967395 1.55828 -0.225645 0.0386858
-0.922213 1.58103 -0.253079 0.0351825
-0.938536 1.57718 -0.241409 0.0356917
-0.94027 1.57575 -0.246908 0.0335525
-0.945623 1.57157 -0.263637 0.033122
-0.928706 1.57752 -0.267909 0.0336699
-0.960475 1.56175 -0.241005 0.0352946
-0.941596 1.57559 -0.239633 0.0358181
-0.943111 1.57405 -0.247813 0.0330962
-0.944878 1.57265 -0.252792 0.0323273
-0.948911 1.57067 -0.241944 0.0341428
-0.948027 1.57228 -0.237513 0.0352345
-0.967121 1.55337 -0.243268 0.0374558
-0.967293 1.5528 -0.246428 0.037794
-0.909229 1.58842 -0.275544 0.027623
-0.961559 1.55989 -0.245553 0.0354675
-0.948987 1.57056 -0.242298 0.0340722
-0.950398 1.56948 -0.242878 0.0339137
-0.963667 1.55755 -0.245581 0.0361702
-0.95846 1.56386 -0.24038 0.0350108
-0.964309 1.5567 -0.247924 0.0364907
-0.959354 1.56226 -0.244439 0.0349075
-0.919701 1.5803 -0.260654 0.034297
-0.959666 1.56179 -0.24573 0.0349385
-0.959565 1.56193 -0.24533 0.0349322
-0.95845 1.56294 -0.24521 0.0346569
-0.95697 1.56434 -0.24474 0.0344059
-0.954322 1.56657 -0.243956 0.0340661
-0.958841 1.5624 -0.253689 0.0345824
-0.955124 1.56569 -0.248793 0.0335463
-0.967099 1.55512 -0.236368 0.037089
-0.92554 1.57802 -0.270143 0.0343391
-0.974919 1.5438 -0.242357 0.0412
-0.974921 1.5438 -0.242364 0.0412035
-0.974919 1.54381 -0.242347 0.0411975
-0.967149 1.55582 -0.233904 0.0371939
-0.96113 1.56233 -0.234486 0.036292
-0.962476 1.56058 -0.235383 0.0363109
-0.970413 1.55584 -0.223361 0.0397663
-0.971571 1.553 -0.227886 0.0389906
-0.960298 1.56425 -0.230381 0.0372194
-0.962288 1.56117 -0.233919 0.0364927
-0.971364 1.55101 -0.234151 0.0384098
-0.971128 1.5481 -0.243741 0.0395225
-0.971124 1.54803 -0.24397 0.0395762
-0.968824 1.55087 -0.2439 0.0384057
-0.971108 1.54734 -0.246504 0.0402132
-0.971149 1.5472 -0.247248 0.0403484
-0.968329 1.55135 -0.250304 0.0386735
-0.960791 1.56306 -0.232889 0.0366105
-0.963538 1.55816 -0.242008 0.036023
-0.962749 1.55914 -0.241742 0.035803
-0.911062 1.58252 -0.255245 0.0359194
-0.967618 1.55237 -0.249819 0.0382192
-0.967584 1.55241 -0.249508 0.0381748
-0.966345 1.55404 -0.249012 0.0374625
-0.70544 1.4578 -0.241696 0.0160676
-0.926392 1.57769 -0.269873 0.034334
-0.92752 1.57954 -0.255464 0.0334301
-0.93257 1.57658 -0.267996 0.0333906
-0.920692 1.57941 -0.271555 0.034391
-0.911025 1.5831 -0.250314 0.0376343
-0.933648 1.57737 -0.258224 0.0322641
-0.937752 1.57568 -0.260075 0.0321075
-0.871362 1.57929 -0.263331 0.0448599
-0.910991 1.5843 -0.251247 0.0361772
-0.919219 1.581 -0.254751 0.0354785
-0.919013 1.58155 -0.251645 0.036304
-0.91796 1.58166 -0.251174 0.0366747
-0.710515 1.50403 -0.263527 0.0470054
-0.760793 1.54289 -0.289183 0.0539976
-0.88045 1.56971 -0.261642 0.0370598
-0.897013 1.59031 -0.276744 0.0247354
-0.872932 1.57887 -0.262981 0.0445863
-0.909409 1.59345 -0.257667 0.0251256
-0.907933 1.58282 -0.248499 0.0380669
-0.905321 1.60372 -0.27401 0.0122159
-0.908543 1.59491 -0.266898 0.0207382
-0.885522 1.59961 -0.26841 0.0200775
-0.885575 1.59073 -0.270588 0.0270857
-0.884992 1.59025 -0.270282 0.0277946
-0.888477 1.60529 -0.275651 0.0117773
-0.90215 1.54922 -0.277961 0.0102967
-0.883549 1.57639 -0.274876 0.0392993
-0.909823 1.54838 -0.272523 0.00616462
-0.702175 1.43561 -0.240129 0.00173261
-0.898809 1.55811 -0.270641 0.0188049
-0.897353 1.55995 -0.271577 0.0212743
-0.896626 1.566 -0.274818 0.0269182
-0.897075 1.56072 -0.271765 0.0220182
-0.894789 1.56558 -0.272641 0.0269862
-0.868516 1.58005 -0.262554 0.0459355
-0.826885 1.57751 -0.285905 0.0508449
-0.89056 1.55926 -0.267243 0.0237601
-0.889644 1.57593 -0.280709 0.0380998
-0.713848 1.50878 -0.258571 0.0488892
-0.68813 1.48004 -0.258667 0.0420497
-0.814484 1.57478 -0.286679 0.0528399
-0.821802 1.5823 -0.285706 0.0477863
-0.875292 1.576 -0.285811 0.0403777
-0.920318 1.55566 -0.268121 0.0121886
-0.922091 1.57958 -0.261769 0.0341141
-0.925005 1.57095 -0.268392 0.0275169
-0.921355 1.56164 -0.262496 0.0172877
-0.921011 1.55989 -0.266331 0.0157785
-0.895954 1.57639 -0.280731 0.0374719
-0.924755 1.57846 -0.266467 0.0339691
-0.923217 1.57875 -0.270838 0.0343321
-0.925494 1.57812 -0.267775 0.0340605
-0.903257 1.57885 -0.28007 0.0366985
-0.902686 1.57874 -0.280149 0.0367795
-0.918581 1.57984 -0.272124 0.034488
-0.917162 1.58077 -0.262109 0.0342068
-0.916379 1.58017 -0.272684 0.0346091
-0.914675 1.58109 -0.263522 0.0342139
-0.913214 1.58047 -0.273444 0.0348714
-0.911885 1.58128 -0.265095 0.0343482
-0.912077 1.58111 -0.266989 0.0342964
-0.912154 1.58051 -0.273684 0.0349731
-0.910526 1.58052 -0.274037 0.0351288
-0.910892 1.58125 -0.265648 0.0343759
-0.910499 1.58052 -0.274043 0.035131
-0.910771 1.58125 -0.265715 0.0343774
-0.899093 1.57832 -0.275917 0.0361228
-0.896584 1.57807 -0.2734 0.0361618
-0.893436 1.57732 -0.275102 0.0374976
-0.895879 1.57766 -0.276436 0.0370459
-0.896629 1.56209 -0.272161 0.0233429
-0.895464 1.56607 -0.273464 0.0272517
-0.895261 1.56601 -0.273224 0.0272522
-0.832896 1.58097 -0.272365 0.0522112
-0.828003 1.57604 -0.290529 0.0501368
-0.883339 1.57672 -0.268408 0.0406557
-0.778831 1.55453 -0.293613 0.0538194
-0.775577 1.53658 -0.271636 0.0382879
-0.681754 1.4695 -0.238338 0.0406451
-0.756777 1.54718 -0.266651 0.0578781
-0.849709 1.5836 -0.293235 0.0375935
-0.833643 1.5744 -0.296363 0.0486628
-0.830741 1.5758 -0.291368 0.0492765
-0.880542 1.56875 -0.261247 0.0363787
-0.879395 1.57325 -0.274863 0.0370963
-0.874145 1.57639 -0.284137 0.0404023
-0.879698 1.57678 -0.264382 0.0425348
-0.784936 1.56102 -0.289508 0.0545487
-0.808684 1.57207 -0.291096 0.0534101
-0.848733 1.5752 -0.295637 0.0453846
-0.878715 1.57423 -0.282069 0.0382557
-0.804927 1.57416 -0.284261 0.0551127
-0.888864 1.60712 -0.276299 0.00992483
-0.784726 1.56686 -0.274912 0.0578701
-0.846243 1.57698 -0.288543 0.0455126
-0.856075 1.58017 -0.267818 0.0469029
-0.833654 1.57431 -0.296671 0.0486942
-0.830678 1.57563 -0.291954 0.0492997
-0.828378 1.57673 -0.288294 0.0501448
-0.825994 1.57839 -0.283105 0.0515515
-0.830139 1.574 -0.297213 0.0497445
-0.829216 1.57452 -0.295511 0.0498572
-0.833607 1.60418 -0.299055 0.0206625
-0.823753 1.57534 -0.291457 0.0511055
-0.858557 1.57919 -0.272181 0.0446321
-0.856318 1.57606 -0.287529 0.0424833
-0.857407 1.57756 -0.279956 0.0428763
-0.857913 1.57827 -0.276495 0.0435006
-0.867045 1.58045 -0.261986 0.0466143
-0.807209 1.57117 -0.292837 0.053622
-0.860406 1.58191 -0.260168 0.0496751
-0.881575 1.59514 -0.288035 0.0203801
-0.868316 1.57922 -0.270566 0.0432214
-0.874181 1.57637 -0.284194 0.0404001
-0.867989 1.5928 -0.274586 0.0308439
-0.889013 1.60742 -0.276386 0.00958324
-0.878456 1.57552 -0.284585 0.0398929
-0.883344 1.57681 -0.269293 0.0405441
-0.885337 1.57672 -0.270454 0.0398776
-0.888627 1.57941 -0.272409 0.0363304
-0.890255 1.57701 -0.273363 0.0382586
-0.886216 1.57677 -0.270968 0.0395324
-0.888608 1.57646 -0.273685 0.0387954
-0.890379 1.577 -0.273471 0.0382305
-0.88979 1.57651 -0.274433 0.0384877
-0.891766 1.57658 -0.275978 0.0380495
-0.892683 1.577 -0.275498 0.037747
-0.894012 1.57707 -0.27668 0.037513
-0.892622 1.57659 -0.276852 0.0378916
-0.895918 1.57656 -0.280802 0.0376568
-0.898369 1.57739 -0.28058 0.0372218
-0.895946 1.57656 -0.280842 0.037658
-0.897237 1.5767 -0.281976 0.0376345
-0.879552 1.57707 -0.267084 0.0420654
-0.878337 1.57738 -0.266379 0.0424403
-0.883193 1.58805 -0.26935 0.0306217
-0.87675 1.58219 -0.265516 0.0393425
-0.873567 1.57871 -0.263613 0.0442374
-0.885162 1.59955 -0.273374 0.01869
-0.872965 1.57886 -0.263533 0.0444063
-0.879451 1.57687 -0.269724 0.0413109
-0.883945 1.57546 -0.284776 0.0388433
-0.880422 1.57595 -0.27981 0.0394283
-0.873311 1.57821 -0.269541 0.0422986
-0.889648 1.57593 -0.280683 0.0380995
-0.87813 1.57646 -0.27654 0.0401259
-0.889656 1.57593 -0.280722 0.0380989
-0.879009 1.57617 -0.277812 0.0398992
-0.878932 1.57603 -0.279235 0.0397973
-0.785943 1.56891 -0.272122 0.0589492
-0.7849 1.56481 -0.280195 0.0562191
-0.773119 1.57862 -0.287789 0.0372057
-0.7857 1.56138 -0.28999 0.0545393
-0.785107 1.56211 -0.287212 0.0548244
-0.805339 1.57302 -0.287253 0.0544733
-0.823024 1.57618 -0.288873 0.0514406
-0.796584 1.56992 -0.287696 0.0554947
-0.822311 1.58109 -0.28761 0.0478034
-0.8133 1.57768 -0.278373 0.0551744
-0.783847 1.60781 -0.309134 0.0121
-0.807938 1.57029 -0.295381 0.0534776
-0.805593 1.56903 -0.296802 0.0537709
-0.756792 1.54733 -0.266243 0.058035
-0.78641 1.60026 -0.304356 0.0207485
-0.780303 1.56063 -0.281212 0.0551905
-0.796632 1.56862 -0.290835 0.0551345
-0.796194 1.56629 -0.295554 0.054913
-0.75541 1.54028 -0.283985 0.0539441
-0.755641 1.54024 -0.284787 0.0539373
-0.729201 1.52287 -0.259947 0.0528735
-0.642239 1.35632 -0.188977 0.0375243
-0.733098 1.5232 -0.270942 0.0510158
-0.74642 1.53798 -0.266129 0.055639
-0.729533 1.52002 -0.271071 0.0502603
-0.755708 1.54093 -0.282858 0.0540439
-0.743449 1.55478 -0.283026 0.036806
-0.643138 1.34827 -0.169417 0.0365566
-0.646093 1.33102 -0.174741 0.0334498
-0.684064 1.47572 -0.237516 0.043391
-0.664054 1.48603 -0.258217 0.0176556
-0.651494 1.41581 -0.225181 0.0415262
-0.684049 1.47563 -0.237848 0.0432522
-0.690106 1.48667 -0.246831 0.0448071
-0.662174 1.44128 -0.230717 0.0392786
-0.697902 1.49599 -0.247698 0.0475802
-0.699881 1.49218 -0.265924 0.0445914
-0.756474 1.54508 -0.272226 0.0560059
-0.756178 1.54623 -0.267643 0.057377
-0.713755 1.50647 -0.265637 0.0474909
-0.710975 1.50495 -0.262115 0.0473427
-0.716198 1.50686 -0.2723 0.0475786
-0.716536 1.50783 -0.27011 0.0476729
-0.71772 1.51279 -0.257137 0.050412
-0.71659 1.51004 -0.262814 0.0486046
-0.717734 1.51289 -0.256845 0.0505127
-0.701648 1.43586 -0.241632 0.00282024
-0.755431 1.53933 -0.286926 0.0538979
-0.755631 1.54526 -0.268912 0.0568058
-0.755564 1.54448 -0.271201 0.0560938
-0.76512 1.54741 -0.285787 0.0542055
-0.765194 1.54999 -0.278417 0.0552263
-0.765267 1.54977 -0.279212 0.0550743
-0.765668 1.54888 -0.282793 0.054538
-0.754477 1.53834 -0.287376 0.0537913
-0.767936 1.55601 -0.269067 0.0582493
-0.765756 1.54913 -0.282301 0.0546087
-0.765493 1.5494 -0.280844 0.0548039
-0.754342 1.56363 -0.292868 0.0336863
-0.763018 1.54834 -0.278199 0.0550513
-0.764327 1.55162 -0.27166 0.0569531
-0.768046 1.55584 -0.2698 0.0579823
-0.755943 1.54719 -0.263754 0.0587903
-0.760246 1.54534 -0.28058 0.0544386
-0.756783 1.54715 -0.266744 0.057843
-0.757097 1.54287 -0.280524 0.0543449
-0.755393 1.54232 -0.277473 0.0546205
-0.783434 1.55726 -0.295707 0.0542474
-0.784922 1.56094 -0.289693 0.0545306
-0.784991 1.55957 -0.293087 0.0543479
-0.765037 1.54587 -0.290008 0.0540985
-0.765908 1.54819 -0.285319 0.0542833
-0.766111 1.54875 -0.284197 0.0543954
-0.767877 1.54817 -0.289126 0.0539428
-0.767076 1.55171 -0.27854 0.0552896
-0.766293 1.54928 -0.283165 0.0545129
-0.742796 1.53161 -0.273045 0.0528866
-0.742861 1.52954 -0.280414 0.0522965
-0.746688 1.539 -0.26375 0.0565312
-0.731538 1.52188 -0.270958 0.050727
-0.742861 1.52953 -0.280423 0.0522964
-0.733243 1.52431 -0.267444 0.0517046
-0.745616 1.53376 -0.276842 0.0530597
-0.745747 1.53426 -0.275704 0.0532337
-0.726795 1.51766 -0.270525 0.0497061
-0.718309 1.50876 -0.273121 0.0478917
-0.724076 1.51575 -0.268459 0.0493286
-0.667959 1.44935 -0.233382 0.0379556
-0.713448 1.47853 -0.24174 0.0267992
-0.665948 1.25923 -0.117121 0.049809
-0.641762 1.37821 -0.191519 0.0396577
-0.65906 1.49021 -0.253986 0.0137979
-0.683983 1.47532 -0.238762 0.0428695
-0.675146 1.48292 -0.260487 0.0290168
-0.698067 1.49527 -0.250457 0.0466472
-0.702108 1.49862 -0.254541 0.0464192
-0.710975 1.50231 -0.2702 0.0467126
-0.680983 1.46733 -0.247935 0.0389036
-0.663607 1.44932 -0.235982 0.0340461
-0.698349 1.4941 -0.254877 0.0454592
-0.643902 1.33922 -0.183738 0.0358682
-0.673918 1.45837 -0.232712 0.0385013
-0.698144 1.49624 -0.247872 0.0475892
-0.699741 1.4953 -0.256254 0.0454707
-0.707634 1.50175 -0.262458 0.0464445
-0.683234 1.47252 -0.246294 0.0403763
-0.694512 1.46518 -0.243407 0.0276089
-0.683341 1.47306 -0.244458 0.0408263
-0.650937 1.45221 -0.233149 0.0242041
-0.643057 1.4693 -0.244218 0.00499061
-0.675048 1.45822 -0.239959 0.0369601
-0.64199 1.27415 -0.130371 0.0294822
-0.666714 1.44755 -0.23371 0.0380926
-0.67491 1.4609 -0.228823 0.0403071
-0.700529 1.43719 -0.238486 0.004225
-0.675276 1.46154 -0.228582 0.0405577
-0.6666 1.44723 -0.234268 0.0380181
-0.663538 1.44474 -0.226784 0.0398379
-0.642518 1.35249 -0.186853 0.0370422
-0.760595 1.23156 -0.0837656 0.0197284
-0.642871 1.39158 -0.19293 0.0413667
-0.644597 1.39022 -0.207079 0.0411316
-0.659252 1.28119 -0.146525 0.0388399
-0.646553 1.3334 -0.1675 0.0334191
-0.660224 1.43689 -0.231362 0.0394565
-0.6424 1.36485 -0.198891 0.0401141
-0.666825 1.44788 -0.233145 0.0381736
-0.653105 1.30333 -0.164426 0.0325175
-0.644907 1.33492 -0.179175 0.0344499
-0.643569 1.34672 -0.167334 0.0364626
-0.644569 1.34195 -0.168193 0.0350791
-0.644072 1.34033 -0.177396 0.0347925
-0.663032 1.26927 -0.143731 0.0425636
-0.660477 1.43635 -0.236206 0.0395171
-0.649375 1.32545 -0.163086 0.0322071
-0.656527 1.43184 -0.222743 0.0407075
-0.642428 1.3647 -0.199311 0.0402444
-0.641612 1.36342 -0.182348 0.0378938
-0.679205 1.23035 -0.116491 0.0521257
-0.642834 1.37818 -0.202939 0.0408318
-0.66216 1.44091 -0.232602 0.0391438
-0.670428 1.24608 -0.108609 0.053275
-0.643751 1.3949 -0.195776 0.0415024
-0.643413 1.34667 -0.169736 0.0361125
-0.642287 1.37763 -0.19755 0.0399718
-0.641877 1.38331 -0.189905 0.0404467
-0.642112 1.38342 -0.191961 0.0403006
-0.650728 1.42069 -0.209941 0.0427152
-0.651223 1.41901 -0.21644 0.0415197
-0.659132 1.43856 -0.218367 0.0417625
-0.656756 1.43432 -0.217689 0.041903
-0.645604 1.34009 -0.162793 0.0355598
-0.65321 1.42206 -0.223568 0.0408242
-0.657792 1.43352 -0.22525 0.0402385
-0.653542 1.42766 -0.21211 0.0426646
-0.653971 1.30384 -0.156377 0.0329047
-0.656753 1.43442 -0.217379 0.0419958
-0.662109 1.4428 -0.223332 0.0405563
-0.667373 1.45057 -0.226427 0.039869
-0.670546 1.45518 -0.225623 0.0405293
-0.645281 1.3977 -0.204732 0.0410803
-0.658628 1.43283 -0.232684 0.0397867
-0.659864 1.43751 -0.226267 0.0399373
-0.656862 1.42935 -0.23085 0.0401718
-0.656559 1.43015 -0.227201 0.0402256
-0.649984 1.4188 -0.208267 0.0427523
-0.654631 1.42527 -0.227458 0.0406518
-0.647136 1.40201 -0.213332 0.0412446
-0.648242 1.40808 -0.213322 0.0412214
-0.643309 1.34661 -0.172084 0.0358761
-0.643122 1.38401 -0.200255 0.0404177
-0.649252 1.41234 -0.214284 0.0413365
-0.650774 1.41447 -0.223077 0.0415455
-0.650843 1.42163 -0.208872 0.0430828
-0.669802 1.26747 -0.141361 0.039564
-0.656466 1.27493 -0.12942 0.0416853
-0.64741 1.40934 -0.205433 0.0419214
-0.656247 1.27495 -0.129311 0.0415537
-0.656322 1.27492 -0.129413 0.0415646
-0.665741 1.26343 -0.14168 0.0444863
-0.646393 1.40201 -0.207555 0.0411512
-0.643214 1.39187 -0.19495 0.0411883
-0.664918 1.26666 -0.137703 0.0446858
-0.643904 1.38805 -0.202916 0.040774
-0.644046 1.38719 -0.204707 0.0409315
-0.653905 1.30821 -0.152959 0.0332627
-0.645313 1.30045 -0.152754 0.0246899
-0.665191 1.26533 -0.138296 0.0446454
-0.66426 1.26582 -0.146708 0.0430336
-0.671976 1.24273 -0.115037 0.0513476
-0.687875 1.22767 -0.096159 0.0521054
-0.696197 1.28621 -0.154475 0.00589566
-0.656378 1.2748 -0.129772 0.0414179
-0.675812 1.27335 -0.13857 0.0330326
-0.665497 1.26461 -0.141114 0.0444287
-0.695078 1.28689 -0.155229 0.0057834
-0.667649 1.25487 -0.144566 0.0458279
-0.663181 1.26784 -0.147967 0.0423394
-0.662104 1.27138 -0.146124 0.0415288
-0.671018 1.24487 -0.109626 0.0529106
-0.678563 1.24554 -0.114385 0.0447838
-0.674176 1.23752 -0.124965 0.0502212
-0.656449 1.28935 -0.151887 0.0366563
-0.648788 1.2939 -0.159345 0.0294208
-0.669647 1.24905 -0.117681 0.0496063
-0.695927 1.28671 -0.154521 0.00559393
-0.706427 1.21361 -0.0942496 0.0515971
-0.706647 1.21522 -0.0885343 0.0509779
-0.645333 1.33838 -0.168199 0.034297
-0.65354 1.28996 -0.161916 0.0353731
-0.660662 1.27427 -0.155428 0.0401081
-0.726254 1.20599 -0.0893147 0.0512637
-0.675911 1.27348 -0.138478 0.0329346
-0.670208 1.24653 -0.107741 0.0535992
-0.661694 1.27498 -0.130368 0.0458124
-0.702961 1.21459 -0.0977249 0.0521487
-0.706773 1.21669 -0.0827107 0.0508586
-0.770235 1.23947 -0.0774999 0.00699123
-0.674143 1.27108 -0.140384 0.0347252
-0.749264 1.20301 -0.0789887 0.0476572
-0.810255 1.21977 -0.0645372 0.0260212
-0.702758 1.2187 -0.0855771 0.0511374
-0.646503 1.32535 -0.179989 0.034556
-0.752645 1.21311 -0.0766116 0.0369308
-0.646683 1.33395 -0.165832 0.0336358
-0.757865 1.22363 -0.0851703 0.0276568
-0.755399 1.21551 -0.0863478 0.0358179
-0.760798 1.23297 -0.0801484 0.0168661
-0.740889 1.20513 -0.0778929 0.0473312
-0.681016 1.27018 -0.147909 0.0283708
-0.721128 1.2095 -0.0841583 0.0499093
-0.72519 1.2077 -0.0847227 0.0501099
-0.72235 1.21117 -0.0759671 0.0491659
-0.720012 1.21194 -0.076984 0.049357
-0.651471 1.3247 -0.152528 0.0345849
-0.692768 1.22132 -0.101325 0.0520512
-0.77448 1.2353 -0.0664516 0.0127603
-0.782889 1.2391 -0.0729289 0.00576275
-0.773845 1.23342 -0.0667002 0.014129
-0.774005 1.23316 -0.0650774 0.0152421
-0.799309 1.20618 -0.0460424 0.0456924
-0.75688 1.2031 -0.0694291 0.0446835
-0.748802 1.20491 -0.0716546 0.0458451
-0.748857 1.20457 -0.0730278 0.0461094
-0.748188 1.20524 -0.0708958 0.0457679
-0.713788 1.20991 -0.0937684 0.0515362
-0.708661 1.2136 -0.0900332 0.0510247
-0.711114 1.20985 -0.098008 0.0524299
-0.754655 1.21276 -0.0866742 0.0385547
-0.70776 1.21529 -0.0857964 0.0507925
-0.708187 1.21428 -0.088516 0.0509093
-0.727397 1.2053 -0.0904466 0.0516489
-0.727119 1.20562 -0.0896355 0.0513919
-0.66291 1.26948 -0.143974 0.0424762
-0.708274 1.21206 -0.0957458 0.0518676
-0.708212 1.21394 -0.0897026 0.0510156
-0.699391 1.21848 -0.0937176 0.0516483
-0.811539 1.20169 -0.0557007 0.0460101
-0.749679 1.20614 -0.0653564 0.04502
-0.74423 1.20682 -0.0685411 0.0457651
-0.676607 1.23514 -0.112175 0.0520407
-0.745716 1.20193 -0.0853536 0.0497754
-0.700281 1.21481 -0.101801 0.052904
-0.734723 1.20952 -0.0682646 0.0466213
-0.702898 1.21684 -0.0913295 0.0513068
-0.7602 1.20548 -0.0581059 0.0440948
-0.739687 1.20874 -0.0658482 0.0460797
-0.748972 1.20431 -0.0739548 0.0463011
-0.698943 1.22077 -0.0879856 0.0514988
-0.744715 1.20533 -0.0739181 0.0464281
-0.749712 1.20217 -0.0818751 0.0486446
-0.694267 1.217 -0.109591 0.0536432
-0.813716 1.20623 -0.0472292 0.046032
-0.811751 1.20324 -0.0528163 0.0457767
-0.811919 1.20361 -0.0521224 0.0457558
-0.817874 1.19997 -0.0588672 0.0469344
-0.784436 1.20548 -0.0502486 0.0444617
-0.811531 1.20164 -0.0558026 0.0460188
-0.806147 1.20499 -0.0485923 0.0457092
-0.811437 1.20176 -0.0555672 0.0459877
-0.786432 1.19808 -0.0682425 0.0452681
-0.795623 1.20253 -0.0547093 0.0441557
-0.811773 1.20012 -0.0588068 0.0464209
-0.806455 1.20445 -0.0496898 0.0456098
-0.804696 1.20585 -0.0466653 0.0459377
-0.785911 1.20534 -0.050181 0.0444426
-0.694923 1.28618 -0.154971 0.0064699
-0.699798 1.21583 -0.0999709 0.0524922
-0.7505 1.20522 -0.0681454 0.0451246
-0.679774 1.2354 -0.0983157 0.0534654
-0.672862 1.24201 -0.105984 0.0534962
-0.691772 1.22557 -0.091315 0.0521155
-0.681554 1.23274 -0.100554 0.0527627
-0.697287 1.21854 -0.0981318 0.0520198
-0.695309 1.22332 -0.0887757 0.051945
-0.695507 1.223 -0.0892616 0.0518957
-0.682899 1.22916 -0.106841 0.052091
-0.686998 1.22594 -0.103777 0.0521856
-0.695648 1.21774 -0.104316 0.0527062
-0.677069 1.2324 -0.122239 0.0519482
-0.750788 1.20127 -0.0839581 0.0494249
-0.759743 1.22077 -0.0834046 0.0286414
-0.755297 1.20209 -0.0750314 0.0459617
-0.753532 1.2017 -0.078459 0.0471501
-0.757384 1.20247 -0.0712447 0.0449868
-0.77453 1.23708 -0.0698827 0.00951596
-0.783758 1.20033 -0.0635091 0.0443212
-0.77922 1.20379 -0.0553625 0.0441091
-0.780196 1.20353 -0.0560316 0.0440464
-0.781016 1.21452 -0.0617653 0.0317497
-0.781982 1.20284 -0.0577531 0.0439928
-0.783486 1.22264 -0.0681164 0.0221778
-0.784406 1.22784 -0.0717079 0.0165977
-0.783032 1.21447 -0.0640297 0.0310234
-0.778065 1.20063 -0.0628517 0.0438657
-0.761701 1.20356 -0.0637008 0.0439062
-0.782488 1.2023 -0.0590112 0.0439897
-0.773842 1.23381 -0.0675434 0.0133754
-0.77373 1.23313 -0.0670792 0.0141681
-0.689795 1.22203 -0.106898 0.0525692
-0.687556 1.22485 -0.10519 0.0522663
-0.690354 1.21891 -0.111909 0.053251
-0.6892 1.22145 -0.109475 0.052842
-0.690487 1.21921 -0.111874 0.0534923
-0.690532 1.21914 -0.111946 0.0535164
-0.689638 1.22257 -0.105917 0.0524369
-0.651939 1.3075 -0.168591 0.0323347
-0.684098 1.22936 -0.102525 0.0522934
-0.65824 1.28702 -0.138776 0.0402591
-0.678689 1.23517 -0.103144 0.052813
-0.68232 1.23207 -0.100123 0.0526806
-0.681201 1.23375 -0.0986212 0.0530606
-0.683981 1.22994 -0.101294 0.0523529
-0.678864 1.23122 -0.115138 0.0520363
-0.666897 1.26585 -0.140743 0.0427889
-0.676816 1.23284 -0.12191 0.051878
-0.676574 1.23335 -0.121254 0.0518118
-0.652434 1.31035 -0.16278 0.0316578
-0.643915 1.33957 -0.181745 0.0354477
-0.653885 1.316 -0.148009 0.0353993
-0.643188 1.29221 -0.160446 0.0248747
-0.66088 1.23682 -0.110561 0.0407286
-0.641824 1.35979 -0.186097 0.0375349
-0.656184 1.23973 -0.117107 0.0358277
-0.660059 1.23913 -0.119278 0.0383719
-0.656725 1.28785 -0.154351 0.0367302
-0.656164 1.26467 -0.12095 0.0425844
-0.667871 1.25415 -0.146154 0.0461006
-0.667132 1.25638 -0.14122 0.0454227
-0.644611 1.27354 -0.154055 0.0241951
-0.643384 1.34551 -0.182713 0.0361062
-0.654484 1.29197 -0.165826 0.036185
-0.664241 1.28983 -0.141065 0.0333565
-0.646609 1.3269 -0.177194 0.0337549
-0.66211 1.27062 -0.149634 0.041298
-0.698363 1.28865 -0.155846 0.00243855
-0.657685 1.28833 -0.140533 0.0393827
-0.665378 1.26504 -0.140448 0.0444488
-0.697122 1.28631 -0.1556 0.00486026
-0.658474 1.28537 -0.141208 0.0395734
-0.654591 1.29757 -0.156363 0.0341863
-0.655031 1.28994 -0.161927 0.0367668
-0.661148 1.27391 -0.148935 0.0404841
-0.686569 1.27023 -0.153961 0.0239788
-0.661067 1.27365 -0.151431 0.0403557
-0.654454 1.30123 -0.15332 0.0338676
-0.664869 1.26683 -0.1374 0.0447262
-0.640853 1.29321 -0.159877 0.0222994
-0.661194 1.27424 -0.145745 0.0408147
-0.679795 1.26901 -0.148424 0.0298854
-0.653817 1.31524 -0.148989 0.0349071
-0.635762 1.29279 -0.148454 0.0163132
-0.656784 1.28976 -0.146627 0.0373786
-0.658287 1.28658 -0.139709 0.0399525
-0.652094 1.29052 -0.146639 0.0326884
-0.656805 1.28982 -0.146319 0.0374271
-0.657088 1.28968 -0.143892 0.0380346
-0.633216 1.29872 -0.150796 0.0125092
-0.65639 1.28979 -0.151186 0.0366551
-0.686301 1.29062 -0.156142 0.0100643
-0.659253 1.28217 -0.142281 0.0396958
-0.65855 1.28554 -0.139246 0.0402386
-0.658788 1.28633 -0.129994 0.044328
-0.658241 1.28729 -0.137715 0.0406547
-0.658209 1.28763 -0.136775 0.0410109
-0.658312 1.28884 -0.133783 0.0420844
-0.668575 1.29208 -0.141845 0.0287798
-0.678836 1.27584 -0.145538 0.0265889
-0.660653 1.27606 -0.147874 0.0399359
-0.685744 1.29027 -0.155988 0.0106934
-0.66095 1.27451 -0.150161 0.040184
-0.687068 1.29109 -0.156264 0.00920224
-0.688917 1.27146 -0.157101 0.021474
-0.642096 1.35822 -0.190382 0.037921
-0.647769 1.29025 -0.161722 0.0299528
-0.685847 1.27037 -0.152395 0.0245351
-0.6439 1.33975 -0.181469 0.035403
-0.655675 1.28985 -0.157986 0.0365002
-0.643371 1.34569 -0.181972 0.0360041
-0.69186 1.27661 -0.149225 0.017049
-0.695391 1.27279 -0.151664 0.0150276
-0.655729 1.28984 -0.157477 0.0364699
-0.655357 1.2899 -0.16018 0.0366332
-0.68405 1.27051 -0.150852 0.0258059
-0.696344 1.28642 -0.154541 0.00563961
-0.696072 1.2862 -0.154493 0.00595737
-0.695322 1.2857 -0.154431 0.00675508
-0.69435 1.28574 -0.155 0.00713699
-0.656501 1.29227 -0.147618 0.0364877
-0.680553 1.29863 -0.159424 0.0106357
-0.653983 1.3155 -0.147338 0.0356133
-0.651309 1.3073 -0.172818 0.0332946
-0.653311 1.30797 -0.158377 0.0321651
-0.655238 1.29881 -0.151092 0.0345043
-0.656334 1.28636 -0.163536 0.0378596
-0.655917 1.29588 -0.149541 0.0353212
-0.643341 1.34618 -0.172773 0.0357306
-0.6751 1.32 -0.153591 0.0170303
-0.654936 1.29979 -0.152135 0.0342307
-0.646577 1.33182 -0.16975 0.0331277
-0.646543 1.32668 -0.177906 0.033946
-0.649897 1.31967 -0.167296 0.0315972
-0.654193 1.29783 -0.161142 0.0337972
-0.648324 1.32909 -0.164174 0.0327357
-0.65454 1.29848 -0.155706 0.0340375
-0.653603 1.31495 -0.150751 0.0341928
