0.0167228 1.02311 -0.520697 0.016738
0.111515 1.02472 -0.341919 0.110746
0.017074 1.11069 -0.333658 0.126825
0.178796 1.0682 -0.330747 0.0833115
0.143492 1.16462 -0.451753 0.0246046
0.0518038 1.02192 -0.435713 0.0855071
-0.0102923 1.00207 -0.27872 0.0795228
0.0112347 1.1523 -0.371304 0.0975603
0.0226248 0.972077 -0.51246 0.0290089
0.0894918 0.964569 -0.352755 0.094131
0.150087 1.20005 -0.22454 0.018228
0.00281704 0.971247 -0.413025 0.0865059
0.0995727 1.14455 -0.252772 0.0925147
-0.105659 1.20766 -0.317051 0.036483
0.118165 0.951977 -0.354712 0.0808752
0.0442197 1.0668 -0.479655 0.0699982
0.0225147 0.919296 -0.481846 0.0376086
0.0485752 1.12941 -0.432836 0.10403
-0.075503 1.19466 -0.32487 0.0601668
-0.0808593 0.990569 -0.28652 0.083376
-0.0119826 1.20927 -0.530539 0.00893087
0.176822 1.06213 -0.3253 0.0799
-0.0353607 0.927225 -0.390736 0.0432495
0.0130723 0.998714 -0.37735 0.0925672
0.0200229 0.905629 -0.496431 0.0209789
0.172795 1.06131 -0.329598 0.084979
-0.0487554 0.922664 -0.394954 0.0295371
0.00696308 0.947602 -0.20579 0.0508182
-0.0823914 0.998153 -0.296183 0.0835729
-0.0180046 0.990518 -0.399555 0.0678863
0.0454739 0.97771 -0.43002 0.0995784
0.00202313 1.20182 -0.5211 0.0229305
-0.0397346 0.946899 -0.414081 0.045913
0.0252026 1.16195 -0.458879 0.0914166
0.0198322 1.02703 -0.513437 0.022437
0.0817151 1.21023 -0.335244 0.0235343
-0.119541 1.2147 -0.302865 0.023535
0.0620755 1.06674 -0.329408 0.150215
-0.00846174 1.0085 -0.284691 0.0832563
-0.0479402 0.959889 -0.245672 0.0542269
0.0655175 1.0814 -0.322567 0.145048
-0.0902099 1.22616 -0.307851 0.0237346
-0.101221 1.19482 -0.306071 0.0449162
0.0481944 0.985474 -0.413288 0.104821
0.0761955 0.922929 -0.160006 0.0247508
0.0132277 1.00583 -0.267778 0.0848891
-0.0209897 1.11493 -0.323128 0.107301
0.0229664 0.971916 -0.241449 0.0700295
0.0658504 0.983429 -0.212889 0.0903459
-0.142912 0.919114 -0.266553 0.0251986
0.116732 1.18277 -0.231062 0.0516211
-0.0859025 1.1839 -0.307187 0.0599312
0.0958227 1.19156 -0.197753 0.0464918
0.0562168 1.03269 -0.397995 0.106339
-0.0492456 0.953502 -0.23509 0.0456614
-0.0195434 0.99311 -0.391438 0.069049
0.103817 1.17502 -0.238606 0.0677581
-0.0529173 0.943932 -0.222485 0.0358602
-0.11273 1.20936 -0.313855 0.0325783
0.0032508 1.20047 -0.526053 0.0219171
-0.0218512 1.21504 -0.514347 0.0115369
0.035916 1.02063 -0.270574 0.0999072
0.00722525 1.12917 -0.358598 0.116109
-0.114463 1.20997 -0.313744 0.0314179
0.103907 0.906069 -0.165686 0.0128558
-0.051011 1.14678 -0.314645 0.102244
-0.107388 1.20217 -0.301586 0.0370846
-0.0417853 0.959835 -0.236265 0.0488367
0.0912983 1.06063 -0.144823 0.0159491
0.0210537 0.999764 -0.254214 0.0856432
-0.064505 0.946037 -0.227324 0.0369027
0.116234 1.15277 -0.150099 0.0193455
-0.0818454 0.998428 -0.295572 0.0839102
-0.00617118 1.20495 -0.531506 0.0130056
0.00946081 1.18469 -0.567 0.018963
-0.0290808 1.17636 -0.344866 0.0981651
-0.0604936 1.09722 -0.294606 0.081968
-0.0981725 1.19293 -0.306058 0.0477625
0.0783063 1.15442 -0.213229 0.07513
-0.123486 1.195 -0.305555 0.0256937
-0.0773802 1.00078 -0.292538 0.0858941
-0.0541691 1.21971 -0.429848 0.0216557
-0.0642707 1.08517 -0.289352 0.0768734
-0.126743 1.18372 -0.300629 0.0228983
-0.0371589 1.15599 -0.306703 0.0932252
-0.0685441 1.0509 -0.285638 0.0725844
0.195954 1.10419 -0.345871 0.0880629
0.121992 1.12925 -0.190152 0.0571856
-0.0785484 1.0174 -0.285758 0.0777901
0.0348941 1.09723 -0.33369 0.13446
-0.00601389 1.13149 -0.345762 0.118406
0.0719632 1.18006 -0.31131 0.0569893
0.0260624 1.11715 -0.3765 0.118426
0.0212136 0.971364 -0.405454 0.0994327
0.0167019 1.18895 -0.496449 0.0507967
0.034825 0.973025 -0.445063 0.0891922
0.03857 0.970867 -0.443357 0.0914436
-0.0525875 1.21048 -0.426253 0.0300526
-0.0141131 1.154 -0.353507 0.106768
-0.00331798 1.05618 -0.315936 0.105939
0.00185118 0.97124 -0.414479 0.0855519
0.0247216 1.13115 -0.53761 0.0366177
-0.0142173 1.18389 -0.427459 0.0556783
0.0380257 0.983593 -0.445525 0.0844378
0.00112374 1.19613 -0.457276 0.0593484
-0.0686486 1.00488 -0.305979 0.0801806
0.0102206 1.1236 -0.357096 0.119187
-0.00217197 1.08345 -0.320622 0.108808
0.0263593 1.15604 -0.39223 0.090931
0.0374945 1.05637 -0.324601 0.132508
-0.0204102 0.963128 -0.427595 0.065775
0.256218 1.15046 -0.370891 0.028232
0.0531007 0.992931 -0.383675 0.112079
0.0519619 1.08688 -0.447906 0.0957035
0.246509 1.14167 -0.364601 0.0386376
-0.100182 1.2159 -0.347223 0.0245815
-0.0193301 1.2093 -0.511007 0.0168851
-0.0964601 1.21323 -0.345456 0.0291841
0.0442656 1.06685 -0.479541 0.0700955
0.114411 0.999204 -0.331907 0.114482
-0.0506102 0.937035 -0.40702 0.0342185
0.0433949 1.04563 -0.303216 0.12187
0.16975 0.963808 -0.351979 0.0735088
0.0375071 1.12283 -0.415508 0.111613
0.112372 1.00796 -0.329377 0.119244
0.104142 1.19119 -0.209969 0.0465849
-0.0822314 1.2015 -0.324711 0.0526453
0.144189 1.06819 -0.336161 0.0996235
-0.0798382 1.18629 -0.317475 0.0622591
0.169821 0.984243 -0.324265 0.0952303
0.0511513 1.07376 -0.463113 0.083927
-0.031628 1.15805 -0.340583 0.110097
0.254042 1.15831 -0.38399 0.0268775
0.159286 1.04219 -0.327313 0.0906124
0.00280329 1.18823 -0.563317 0.0181762
0.275241 1.11662 -0.37398 0.0119395
0.122299 1.00727 -0.33101 0.11482
-0.0139921 1.19837 -0.454555 0.0495303
0.100143 1.06103 -0.334796 0.12664
0.246448 1.14391 -0.367531 0.0371021
-0.00521034 1.17551 -0.475078 0.063275
0.0127669 1.11366 -0.333726 0.125323
0.0919509 1.07166 -0.148027 0.0176798
-0.00721883 1.20134 -0.504708 0.0279833
-0.0181225 1.19822 -0.261075 0.0432382
-0.0129203 1.00237 -0.28029 0.0794607
-0.00167056 1.12927 -0.348289 0.118649
-0.114033 1.20675 -0.309176 0.0332709
0.00782505 1.14407 -0.37119 0.105878
-0.0355778 1.19397 -0.416298 0.0450386
0.0508965 0.984199 -0.380877 0.104329
0.0832148 1.06102 -0.158431 0.0277751
0.0126635 1.13098 -0.315863 0.10774
0.0493006 1.06153 -0.326877 0.140798
0.179729 1.11891 -0.364391 0.0907143
0.0730741 1.14724 -0.242753 0.0995676
0.187175 0.975226 -0.327991 0.0860956
0.076364 1.21255 -0.327958 0.023866
0.160934 1.19211 -0.22888 0.0224891
0.0298011 1.11618 -0.38416 0.117393
0.116092 1.15773 -0.254499 0.0761833
-0.043133 0.960596 -0.24024 0.0511534
0.18959 1.17524 -0.286825 0.0238458
-0.00743178 1.13217 -0.344816 0.118399
0.25264 1.1102 -0.361906 0.032139
0.198437 1.10775 -0.348354 0.0843858
0.06603 1.0845 -0.319836 0.143066
0.110855 1.15835 -0.165519 0.025989
-0.0192432 0.992866 -0.274402 0.0746369
0.251635 0.886947 -0.347183 0.00765503
-0.115782 1.2094 -0.306026 0.0297787
0.0262216 1.1688 -0.457293 0.091809
0.100674 0.957097 -0.349654 0.0941192
0.0605447 0.944502 -0.151566 0.0332695
0.103114 1.14264 -0.430513 0.0581502
0.18113 0.981615 -0.331926 0.0916205
0.0669812 0.932256 -0.147294 0.0257145
-0.0031324 0.978648 -0.237736 0.0661169
0.256223 0.887716 -0.346729 0.00458287
0.0923489 0.912696 -0.160049 0.0146024
0.236546 1.01583 -0.349194 0.0387255
0.15753 1.01209 -0.326479 0.0948733
0.09752 0.950717 -0.366022 0.0821946
0.117072 1.01523 -0.25005 0.0703648
0.0210018 0.971203 -0.405521 0.0993894
0.0675174 1.00217 -0.365249 0.112677
0.0584787 1.12027 -0.415501 0.0998381
0.190558 1.04004 -0.333192 0.0687363
0.183456 0.977801 -0.339846 0.0877866
-0.00690688 1.00826 -0.283698 0.0832623
0.0571585 0.908396 -0.378785 0.0313223
0.05721 1.04241 -0.417802 0.0973661
0.136128 0.927649 -0.387746 0.0379685
-0.045481 0.93718 -0.402097 0.0381271
0.0258832 0.969828 -0.417407 0.0973283
0.0839528 1.02433 -0.339873 0.124734
0.0979462 0.92159 -0.353923 0.0662729
0.0727454 1.12701 -0.313871 0.104808
-0.1247 1.21392 -0.318574 0.0235577
0.0842475 1.00491 -0.349091 0.114043
0.0289844 0.969307 -0.423569 0.0968011
-0.0518774 1.21008 -0.426619 0.0300302
0.0120491 1.0712 -0.524393 0.0292706
0.0607199 1.13724 -0.438713 0.0920919
0.0939533 0.944452 -0.389173 0.0682485
0.0294562 0.969263 -0.424381 0.0967446
0.0261923 1.1041 -0.333761 0.130396
0.250855 1.05097 -0.353289 0.0288146
0.174911 1.11838 -0.368376 0.0931224
0.0304305 1.04121 -0.496953 0.0416024
0.0363477 1.07297 -0.480151 0.0674172
0.0290983 0.905282 -0.514385 0.015862
0.0258674 0.939845 -0.461824 0.0616521
0.0549924 1.07913 -0.452614 0.0927915
0.0144883 1.00009 -0.489124 0.041487
0.0210681 0.98078 -0.467655 0.0668073
0.0458161 1.06838 -0.475452 0.0733753
-0.0240291 0.995966 -0.385678 0.0675284
0.0360934 0.976914 -0.445193 0.0873849
0.0263976 0.977625 -0.458538 0.0756913
0.0271561 1.11677 -0.378457 0.118227
-0.0184637 0.986643 -0.411913 0.0654488
0.0386779 1.03883 -0.474262 0.0573158
0.0300935 0.975597 -0.45308 0.0813107
0.0487295 0.980858 -0.425991 0.101753
0.0414874 1.06452 -0.485358 0.0651542
0.0033098 0.994084 -0.505383 0.0286094
-0.0635193 1.21575 -0.434681 0.0202713
0.0293408 0.9759 -0.454137 0.0802475
0.0195227 0.898101 -0.480422 0.0248218
0.00832713 1.01535 -0.517883 0.0162619
0.0227061 0.92005 -0.481028 0.0385431
-0.00163296 1.1075 -0.39262 0.0881341
0.0332042 1.06244 -0.497 0.0540634
0.0135376 1.06821 -0.519666 0.0333059
0.0305249 0.975337 -0.457107 0.0778308
-0.00769488 1.10258 -0.40142 0.0782497
0.00103833 1.01144 -0.527003 0.00902935
0.0148391 1.01526 -0.505005 0.0256822
0.0108688 0.988753 -0.484325 0.0497562
0.00920944 1.00599 -0.501299 0.0297309
0.0405398 1.06359 -0.487236 0.0635011
0.00834002 1.18683 -0.56915 0.0165589
-0.0504519 1.21483 -0.456833 0.0188269
0.0113602 1.01857 -0.523551 0.0134539
0.0101921 1.01652 -0.517086 0.016754
0.0145053 1.01998 -0.515321 0.0186156
0.0209018 0.90952 -0.492744 0.0255193
0.0172733 1.02156 -0.540752 0.00812368
0.0140762 1.02808 -0.54373 0.00428786
0.0126849 1.02469 -0.544098 0.00208778
0.0135411 1.02422 -0.543188 0.00329844
0.0425109 1.00274 -0.44694 0.0777792
0.0393405 0.970356 -0.44807 0.0874747
0.0104531 0.995975 -0.490186 0.0420392
0.00932763 1.01102 -0.507624 0.0237395
0.0254659 1.07778 -0.485485 0.0621828
0.0228453 1.02726 -0.500529 0.031274
0.032063 1.04472 -0.496227 0.0444623
0.0179089 1.01948 -0.502965 0.0272958
0.0305964 1.02893 -0.484181 0.0453527
0.00930748 1.00476 -0.499561 0.0314864
0.0167543 1.06399 -0.514737 0.0378583
0.0161664 0.98559 -0.476642 0.0575359
0.0188394 1.02576 -0.519633 0.0186164
0.0171142 1.02291 -0.514344 0.0202148
0.0116289 0.988561 -0.483685 0.0504664
0.0147873 1.01498 -0.50454 0.0260628
0.0151723 0.986528 -0.478692 0.0555263
0.0230762 0.923191 -0.477826 0.0422225
0.0147848 1.02125 -0.521713 0.0152929
0.0151364 1.01651 -0.506823 0.0242416
0.015801 1.02125 -0.514816 0.0193911
0.00862335 1.01063 -0.508033 0.0234955
0.0230178 0.921903 -0.479093 0.0407641
0.017102 0.967792 -0.445446 0.0829677
0.0502774 1.00734 -0.377684 0.115957
0.0274167 0.951418 -0.451424 0.0746509
0.0253213 1.05469 -0.517869 0.0371916
0.0280521 0.969547 -0.421598 0.0970061
0.0155624 0.886526 -0.503544 0.00630314
0.0813868 0.952348 -0.411478 0.070247
0.121396 0.935339 -0.358995 0.066138
-0.0455218 0.99686 -0.286075 0.0771404
0.0513122 1.0542 -0.452178 0.080228
0.0265183 0.945682 -0.456973 0.0679789
0.0211745 0.911421 -0.490862 0.0278034
0.0378539 0.977782 -0.416385 0.100279
0.00459317 0.971258 -0.410598 0.0882365
0.0189707 0.89477 -0.507977 0.00747985
0.0215448 0.913085 -0.489146 0.0297518
0.0180922 0.892136 -0.48894 0.0172713
0.0180836 0.896177 -0.501141 0.0114944
0.01494 0.884493 -0.502141 0.00807275
0.0208871 0.909638 -0.490522 0.026465
-0.0275288 0.951332 -0.407396 0.0568033
0.0167557 0.886906 -0.495495 0.0123767
0.02312 0.924504 -0.476323 0.0438135
0.0210483 0.910532 -0.491825 0.026696
0.083439 0.882506 -0.416705 0.00638262
0.025838 0.952661 -0.422942 0.083692
0.0223708 0.909681 -0.456409 0.0445393
0.0196935 0.977998 -0.244308 0.073542
0.021185 0.91157 -0.490705 0.0279835
0.0370553 0.971749 -0.441547 0.0927712
0.0381101 0.971682 -0.440771 0.093424
0.016628 0.894669 -0.507648 0.00715987
0.0199588 0.905329 -0.496651 0.0206653
0.0176897 0.891985 -0.495771 0.012658
0.0198786 0.903481 -0.498315 0.018584
0.0177738 0.904637 -0.498347 0.0184119
0.0212622 0.91191 -0.490404 0.0283599
0.0219577 0.915403 -0.486727 0.0324942
0.0222434 0.916956 -0.484756 0.0345321
0.0469226 0.978877 -0.428132 0.100675
0.127238 0.954684 -0.356028 0.077633
-0.0216653 0.952919 -0.403273 0.062465
-0.0227656 0.995301 -0.38473 0.0690936
0.0303205 1.01427 -0.474308 0.0518133
0.0211038 0.994239 -0.47537 0.0545539
0.0356357 1.00044 -0.457559 0.0687168
0.0300983 0.98536 -0.457934 0.0729486
0.0362051 0.972274 -0.442956 0.0913479
0.0380191 0.971884 -0.440277 0.093787
0.0353101 1.02822 -0.474179 0.0537467
0.0381841 1.0083 -0.457524 0.067582
0.0209644 0.980896 -0.467864 0.0665882
0.016416 0.985335 -0.476094 0.0580744
0.0429227 1.02647 -0.457996 0.0675161
0.0438609 1.05897 -0.474939 0.0675062
0.0144038 1.00889 -0.49725 0.0325407
0.0164778 1.00363 -0.488803 0.0404587
0.0170296 1.01291 -0.496234 0.0326005
0.0216865 1.01361 -0.488061 0.0393285
0.0221604 1.02144 -0.494311 0.0345907
0.0304853 1.03285 -0.487125 0.0444017
0.0304081 1.03729 -0.491417 0.0431973
0.0309133 1.03393 -0.487099 0.0448956
0.0313902 1.03949 -0.491102 0.0446635
0.0353149 1.04625 -0.486994 0.0515666
0.0353797 1.04951 -0.489919 0.0517578
0.0392952 1.05877 -0.487086 0.0600677
0.0109057 1.08827 -0.528376 0.0285055
0.0443963 0.976908 -0.43034 0.0991547
0.0247596 0.934006 -0.466925 0.0550489
-0.105878 1.21328 -0.333377 0.0268744
-0.0611891 1.12422 -0.30368 0.0931901
-0.0206795 0.993703 -0.392366 0.0676222
-0.010078 0.989987 -0.384015 0.0797737
-0.0197756 0.991434 -0.40105 0.0657142
-0.135899 0.93119 -0.269062 0.0319936
0.0783939 1.16844 -0.208356 0.0681346
-0.00234412 1.07241 -0.318487 0.107163
-0.00321467 1.05705 -0.316032 0.106006
0.0692465 1.1386 -0.308707 0.0955989
0.0106902 1.05689 -0.53907 0.0158803
0.0459024 1.10505 -0.317204 0.12708
0.0674266 1.12793 -0.30661 0.106281
-0.0233423 1.16444 -0.301926 0.0873807
0.00450216 1.05462 -0.317756 0.110738
-0.00507919 1.11698 -0.329916 0.116625
0.000975351 1.11616 -0.331471 0.119588
0.0109089 1.07691 -0.536119 0.0206552
0.0243465 0.960568 -0.446364 0.0812576
-0.0464125 1.1939 -0.398396 0.0548833
0.0213472 1.05732 -0.516735 0.0371793
0.00932021 1.09723 -0.511121 0.0448609
-0.132208 1.16512 -0.296816 0.0201966
-0.0460087 0.995853 -0.285502 0.076745
-0.0525188 1.21034 -0.426069 0.0302284
0.0175812 0.989868 -0.386884 0.0946489
-0.159471 0.924275 -0.271124 0.0115763
0.0247534 0.968043 -0.441491 0.088176
0.0210141 0.9712 -0.405555 0.0993828
-0.00367349 0.97089 -0.421948 0.0805388
0.0218237 0.970838 -0.407882 0.098834
0.00715593 0.969368 -0.431268 0.0824825
0.0274749 0.969687 -0.420461 0.0971235
0.0674821 0.963827 -0.422744 0.0821886
0.158309 0.944461 -0.362107 0.0559253
0.0831057 0.956208 -0.394815 0.0752644
0.0185901 0.990653 -0.386301 0.095196
-0.167171 0.930594 -0.271021 0.00717553
-0.131234 1.22695 -0.311596 0.0109039
0.180605 1.13522 -0.391322 0.0709028
0.0096438 1.00044 -0.263861 0.0817248
-0.0440911 1.09335 -0.30422 0.0876869
-0.123074 0.944562 -0.270617 0.0449407
0.0069805 1.18688 -0.566819 0.0173475
-0.0342237 0.96038 -0.386396 0.0535503
-0.108262 1.181 -0.304389 0.040265
-0.13612 0.931179 -0.269136 0.0317864
-0.140272 0.924478 -0.268337 0.0278974
-0.0874764 0.979988 -0.274668 0.0768006
0.0339508 0.988956 -0.226024 0.0915817
0.145375 0.927733 -0.388565 0.034934
0.0181134 0.988553 -0.388147 0.0949531
0.013081 0.982864 -0.248693 0.0752864
-0.0803037 0.990405 -0.286413 0.0831405
-0.00125457 1.01773 -0.292088 0.0901459
0.0754732 0.917999 -0.141798 0.0151578
-0.0550711 0.945377 -0.228061 0.0400007
0.0914617 0.944244 -0.413908 0.0597017
0.0652704 0.965989 -0.357573 0.0858875
-0.0736571 1.00324 -0.293719 0.0856697
-0.0745385 1.00265 -0.293392 0.0857289
0.0660653 0.967321 -0.358324 0.0874641
0.0736863 0.980739 -0.365164 0.102918
0.0749806 0.961146 -0.351886 0.0846185
0.0823855 0.975019 -0.359083 0.100264
0.132937 1.06844 -0.337014 0.1061
0.150298 0.92036 -0.264306 0.0355413
0.0989972 0.940654 -0.394913 0.0605214
0.0928593 1.00753 -0.261849 0.0966216
-0.0150143 0.992383 -0.271878 0.0747089
0.0348045 0.99048 -0.226828 0.092157
-0.159557 0.924882 -0.271119 0.0114559
0.0766312 1.02328 -0.346499 0.123309
-0.0507996 0.982743 -0.277534 0.0729512
0.0616788 0.923581 -0.204459 0.0644592
0.0384049 1.03139 -0.35197 0.117408
0.0490543 0.97957 -0.378287 0.0992244
-0.0359755 1.01366 -0.297846 0.0853025
-0.145882 0.914915 -0.263673 0.0224015
0.0758865 0.915589 -0.137551 0.014375
-0.0361758 0.92381 -0.194689 0.0140505
0.0910717 1.04489 -0.15169 0.0253886
0.0699072 0.993176 -0.218806 0.0946434
-0.0123393 1.13121 -0.333504 0.119022
-0.00630877 0.970922 -0.21815 0.0602402
0.063479 0.936961 -0.190352 0.0566491
0.0621956 0.972886 -0.207971 0.0862021
0.103902 1.1562 -0.250721 0.083326
-0.101114 0.978155 -0.309868 0.0693432
0.0271707 0.999591 -0.248184 0.088325
-0.02694 0.96246 -0.220617 0.0475532
-0.0663995 1.02372 -0.292167 0.0792739
0.0537544 0.931267 -0.134312 0.0172262
0.0731076 1.11011 -0.255289 0.110555
0.0187157 0.967622 -0.210952 0.0701296
-0.13894 0.918583 -0.269569 0.029686
-0.0349535 0.921 -0.193969 0.0132836
-0.137991 0.913558 -0.269625 0.0311578
-0.162265 0.919865 -0.271796 0.0106428
-0.0603018 0.958689 -0.259414 0.0647696
-0.0405279 0.968741 -0.257443 0.0620149
0.00384241 0.990906 -0.257888 0.0770166
0.0538703 0.975902 -0.427077 0.0962201
-0.13178 0.936622 -0.269224 0.0361483
-0.164544 0.934844 -0.274618 0.0106554
-0.164965 0.927189 -0.270665 0.00738801
-0.107941 0.935639 -0.274174 0.0517864
-0.136057 0.930848 -0.269071 0.0318195
0.067255 0.923786 -0.184821 0.0458061
0.0708094 0.926369 -0.17423 0.0378134
0.0683206 0.927725 -0.184092 0.0467912
0.144707 0.965119 -0.301184 0.0840144
-0.164023 0.925504 -0.270387 0.00812633
0.104198 0.981669 -0.23082 0.0772481
-0.0216615 1.11918 -0.324457 0.108768
-0.0558776 1.13194 -0.311346 0.0993026
0.056546 1.05987 -0.320057 0.140546
-0.0642305 1.0981 -0.291766 0.0806603
-0.0649999 0.945885 -0.228141 0.03765
0.178366 1.06248 -0.323487 0.0778183
0.0667986 0.938313 -0.171012 0.042487
-0.144618 0.924309 -0.270309 0.0241622
-0.161274 0.925079 -0.271026 0.0102067
-0.163207 0.930509 -0.272231 0.0093519
-0.166633 0.930571 -0.271284 0.00746759
-0.0493099 0.959434 -0.246572 0.0547562
-0.0474197 0.947239 -0.218609 0.0355659
-0.0597395 0.939603 -0.22728 0.0381623
-0.137234 0.91342 -0.270333 0.0320693
-0.0799518 1.00303 -0.290003 0.0839877
-0.0326867 0.960538 -0.224358 0.0458296
-0.0313522 0.955212 -0.21025 0.0410707
0.0326037 0.932299 -0.14567 0.0123356
0.0557462 0.938254 -0.13951 0.0232382
-0.0599142 1.04878 -0.292018 0.0763451
0.0364796 0.928674 -0.135169 0.00716986
0.0147744 0.99574 -0.38057 0.0931577
-0.0762395 1.0034 -0.292147 0.0848926
0.0668714 0.931881 -0.146712 0.0252291
-0.0749907 1.02766 -0.285404 0.0750262
0.0244143 1.00472 -0.257777 0.0884309
0.0580216 1.04157 -0.28524 0.122197
0.030276 1.00433 -0.251686 0.0908296
-0.00791438 1.03696 -0.314344 0.104223
0.0726089 1.13675 -0.237133 0.100593
0.0500221 1.00915 -0.222771 0.100929
-0.0150021 1.03851 -0.312377 0.0999361
0.0599949 1.0439 -0.287769 0.124815
-0.0475993 1.14212 -0.321765 0.108479
-0.0299685 1.04185 -0.307059 0.0911019
-0.0274984 1.04129 -0.308079 0.0925618
0.0748941 1.13177 -0.240736 0.103925
0.0692031 1.14532 -0.232249 0.0960705
-0.0224135 1.04015 -0.30997 0.0955399
0.0552087 1.04475 -0.293505 0.124271
-0.0696432 1.01365 -0.292693 0.0820842
-0.0276089 0.955697 -0.204421 0.0427427
-0.148245 0.935545 -0.273796 0.0214746
-0.137726 0.915358 -0.270076 0.0312328
0.0664327 0.92338 -0.135957 0.0174763
0.0215204 0.990163 -0.242175 0.0840654
0.0207477 0.988751 -0.241408 0.0834819
0.0151516 0.990293 -0.248393 0.0810948
0.0137895 0.987915 -0.247159 0.0800709
-0.137482 0.914592 -0.270161 0.0315938
-0.0706123 0.952808 -0.258033 0.0640316
-0.0208811 0.969847 -0.235259 0.0555546
0.0630888 1.06659 -0.328599 0.150301
-0.0337377 0.96016 -0.225041 0.0456014
-0.0560694 1.12359 -0.307117 0.0948654
0.0597435 0.943435 -0.149107 0.0312025
-0.0663221 1.08558 -0.287635 0.0760567
-0.0192683 0.964696 -0.215613 0.0510039
-0.0525842 0.959348 -0.250592 0.0575696
-0.0728564 0.961407 -0.261929 0.0667214
0.00755196 1.00663 -0.36723 0.0910582
-0.13942 0.924359 -0.268984 0.028852
-0.155571 0.924532 -0.270863 0.0144703
0.0279405 1.18308 -0.240492 0.0567436
-0.144636 0.924377 -0.270324 0.0241352
-0.0630947 1.04955 -0.289816 0.0749398
-0.138626 0.936142 -0.271458 0.0298045
-0.138557 0.913569 -0.270747 0.0308869
-0.090499 0.994876 -0.304488 0.0791175
0.000821461 0.985464 -0.254991 0.0747967
0.000677054 0.983955 -0.255411 0.0734018
0.0579011 0.968774 -0.363223 0.0873186
0.0575272 0.968127 -0.362853 0.0865578
0.0651616 0.982032 -0.370106 0.102476
0.0763158 1.04846 -0.331531 0.139487
0.0956808 1.00636 -0.340062 0.115858
0.053564 1.04285 -0.291463 0.122061
0.0538435 1.0708 -0.406843 0.104958
0.0535739 1.08128 -0.44632 0.0945283
0.0396601 1.02948 -0.354514 0.117164
0.0421348 1.02512 -0.359694 0.116559
0.0470095 1.01516 -0.370276 0.115862
-0.0201138 0.980575 -0.264614 0.0706743
-0.0199368 0.978094 -0.265138 0.068512
-0.0217726 0.976593 -0.265821 0.0674776
0.0831259 1.17318 -0.327241 0.0578434
0.0100026 1.00339 -0.371672 0.0916449
-0.0403238 1.00646 -0.292399 0.0813394
-0.0154391 0.992822 -0.379496 0.0772331
-0.00488804 0.986272 -0.388904 0.0825689
0.00197763 0.979716 -0.39624 0.0870595
-0.0944644 1.21184 -0.345461 0.0312575
-0.0755821 1.00192 -0.294884 0.0849459
-0.0809901 0.999055 -0.298308 0.0826292
-0.0790723 0.998508 -0.291211 0.0854698
-0.0769387 1.00104 -0.292684 0.0858757
-0.0315585 0.983313 -0.377072 0.063416
-0.0259726 0.996355 -0.371693 0.0731211
-0.0306028 0.980737 -0.378776 0.0627938
-0.0158037 0.98016 -0.385988 0.0729099
-0.0150334 0.978722 -0.38705 0.0730722
-0.0377086 0.995427 -0.298561 0.0686649
-0.0464628 0.994757 -0.284854 0.076318
-0.0722799 0.941376 -0.378313 0.0223061
-0.0657445 0.954518 -0.376988 0.0310518
-0.0703239 0.962341 -0.373782 0.0344328
-0.0737818 0.967553 -0.371105 0.0376721
-0.148564 0.944737 -0.28035 0.0240618
-0.0503569 1.21459 -0.458203 0.0191742
-0.055478 0.954001 -0.379606 0.0362017
-0.0591212 0.962288 -0.376502 0.0383212
-0.0449306 0.961544 -0.381404 0.0461298
-0.0458612 0.96369 -0.380435 0.0463885
-0.0724983 0.983803 -0.362792 0.0509998
-0.057098 0.983119 -0.367488 0.0523139
-0.0603667 0.988186 -0.363609 0.0556135
-0.0780311 0.991304 -0.35676 0.0582191
-0.0709317 0.989608 -0.359829 0.0560146
-0.0622316 0.968188 -0.373547 0.0406679
-0.061443 0.966837 -0.374334 0.0400989
-0.0571898 0.96641 -0.375866 0.0414719
-0.0821145 1.0088 -0.286432 0.0806413
-0.103042 0.98397 -0.311792 0.0730033
-0.103747 0.984834 -0.313272 0.0731533
-0.10516 0.986919 -0.316497 0.0737201
-0.104832 0.988719 -0.317438 0.0744132
-0.106781 0.988771 -0.319568 0.0742647
-0.0974644 0.98858 -0.308561 0.0755515
-0.159663 0.91968 -0.272004 0.012353
-0.134965 0.949907 -0.280776 0.0352099
-0.161251 0.924169 -0.271027 0.0103121
-0.115257 0.960234 -0.284023 0.0532768
-0.122314 0.955528 -0.28175 0.0465489
-0.145756 0.930796 -0.27155 0.0230055
-0.133433 0.93423 -0.269097 0.0343651
-0.152235 0.935351 -0.274233 0.0181992
-0.14746 0.930753 -0.271753 0.0214779
-0.0337597 1.14344 -0.330732 0.115506
-0.149825 0.914898 -0.273169 0.0212748
-0.148623 0.914748 -0.273055 0.022278
-0.146642 0.918901 -0.271442 0.0229025
-0.144713 0.924025 -0.270368 0.0240722
-0.146318 0.918884 -0.271404 0.0231881
-0.163915 0.924034 -0.270406 0.00834693
-0.0542042 1.22362 -0.431492 0.018156
-0.129268 0.939202 -0.269522 0.038676
-0.128488 0.94448 -0.272557 0.039867
-0.161642 0.930514 -0.272362 0.010262
-0.139377 0.931428 -0.266507 0.0282495
-0.156895 0.938049 -0.276672 0.0159426
-0.150656 0.938178 -0.275873 0.0202259
-0.155683 0.942046 -0.280122 0.0188641
-0.140714 0.938586 -0.273344 0.0282318
-0.145826 0.94286 -0.277914 0.0251052
-0.0707961 1.05146 -0.28375 0.0716391
0.0299299 1.17762 -0.467219 0.0829016
-0.0133385 1.18243 -0.263896 0.052174
-0.0589912 1.04856 -0.292583 0.0767134
-0.0155535 1.13351 -0.333507 0.118559
-0.0603821 1.00733 -0.319103 0.076215
-0.118893 1.17357 -0.301502 0.0308306
-0.0317779 1.02535 -0.307883 0.0931227
-0.0118221 1.11399 -0.326437 0.111785
-0.108883 1.2081 -0.315478 0.0348334
-0.0192897 1.21174 -0.248016 0.0275029
-0.117918 1.21772 -0.293914 0.0222912
-0.0960915 1.17951 -0.305509 0.0517881
-0.140567 1.18436 -0.297704 0.0129457
0.0892317 1.1906 -0.187083 0.042343
-0.00981322 1.08526 -0.31853 0.104626
-0.0183307 1.08727 -0.315798 0.100142
-0.149861 1.07151 -0.276417 0.00663221
-0.0460102 1.11718 -0.310717 0.0956842
-0.0848712 1.16912 -0.308469 0.0645538
-0.0123407 1.11795 -0.327719 0.113105
-0.0578079 1.00774 -0.323156 0.0752727
-0.0353841 1.0237 -0.30669 0.0916973
0.0639584 1.17478 -0.251151 0.0778047
-0.0736695 1.00223 -0.309533 0.0776426
-0.114464 1.20145 -0.30738 0.0332294
-0.0106884 1.10313 -0.397656 0.0779321
-0.078644 0.999993 -0.292088 0.0859408
-0.0656667 1.00464 -0.321888 0.073729
-0.0543728 1.00796 -0.328532 0.0741669
-0.0799315 0.999615 -0.299924 0.0818667
-0.0592901 1.00533 -0.33183 0.0714558
-0.0748565 1.00231 -0.296052 0.0844151
-0.0628475 1.0051 -0.326271 0.0726463
-0.0809611 0.998877 -0.294627 0.0844495
-0.0917702 0.998659 -0.301685 0.0766249
-0.0656023 1.02338 -0.292679 0.0796288
-0.0610913 1.01046 -0.297532 0.0856954
-0.0722777 1.00409 -0.29418 0.0855725
-0.0688096 1.01333 -0.293222 0.0824429
0.0250218 1.11769 -0.374856 0.118514
-0.0789466 1.2007 -0.325411 0.0551937
-0.0269856 1.02738 -0.309327 0.0951437
-0.048646 1.04615 -0.298174 0.0810165
-0.0071561 1.12763 -0.333813 0.119987
-0.0578752 1.01227 -0.298705 0.0860074
-0.0556388 1.01927 -0.298327 0.0841765
-0.0492082 1.01672 -0.301527 0.0874294
-0.0262319 1.02743 -0.310496 0.0950045
-0.0251581 1.0284 -0.309851 0.0959319
0.0411568 1.01982 -0.264448 0.101392
-0.0836815 1.01288 -0.283788 0.0783336
-0.0455824 1.22633 -0.440638 0.00949728
-0.00465897 1.10619 -0.394332 0.084797
-0.0553877 1.11794 -0.305225 0.0923312
-0.0808208 1.00552 -0.288419 0.082539
0.0377886 1.06397 -0.325771 0.132796
-0.0720704 1.01464 -0.290945 0.0809018
0.147602 1.16476 -0.290656 0.0529139
-0.0227239 1.02722 -0.316022 0.0941665
-0.00540152 1.18952 -0.455145 0.0601376
-0.0508234 1.00777 -0.334048 0.0731762
-0.0557597 1.00512 -0.337383 0.0704274
0.0157708 1.0466 -0.319783 0.118022
-0.0689591 1.02486 -0.290297 0.0779935
-0.0774199 1.02883 -0.283243 0.0738811
-0.0827854 1.01033 -0.28538 0.079724
-0.137036 1.17618 -0.29632 0.0141555
0.0759883 1.19289 -0.32154 0.0421758
-0.118577 1.20318 -0.308055 0.0299412
0.0250715 1.02243 -0.281254 0.0975437
0.00443689 1.026 -0.298935 0.0973655
-0.0539921 1.09569 -0.298915 0.0842269
-0.11732 1.21206 -0.303424 0.0266388
-0.0634639 1.11849 -0.299452 0.0894235
-0.0431193 1.22485 -0.441979 0.0111485
-0.115868 1.21047 -0.313802 0.030457
-0.118086 1.21196 -0.304829 0.0265967
-0.0825205 1.16751 -0.309242 0.067177
-0.0837592 1.16899 -0.308569 0.0656297
-0.114036 1.03016 -0.287277 0.0477835
-0.0559035 1.09614 -0.297756 0.0835938
0.0844351 1.07205 -0.160691 0.0292783
0.0511037 0.940441 -0.136446 0.0218505
-0.0638599 1.1204 -0.299973 0.0902124
0.141791 1.20563 -0.207028 0.0159005
-0.0726923 1.04406 -0.283431 0.0718267
-0.0703575 1.04343 -0.285396 0.072805
-0.0646468 1.04191 -0.289792 0.0752904
-0.0616442 1.04112 -0.291878 0.0766288
-0.0607768 1.04089 -0.292411 0.0769763
-0.0504459 1.03827 -0.298016 0.0812864
-0.0321641 1.0337 -0.306743 0.0911545
-0.0295203 1.03305 -0.307838 0.0927153
-0.0242632 1.03176 -0.3098 0.0958001
0.0780752 1.09791 -0.317254 0.130115
0.0696826 1.1021 -0.296591 0.129204
-0.0866977 1.13939 -0.323095 0.075776
-0.0163488 1.03296 -0.312225 0.0999441
-0.020494 1.03085 -0.311028 0.0979868
0.0912755 1.18286 -0.224688 0.0659169
0.0443731 1.04677 -0.304434 0.123245
0.0254794 1.05037 -0.321012 0.123996
0.0474116 1.02822 -0.272009 0.108648
0.0422502 1.02893 -0.277889 0.107395
0.0312111 1.03055 -0.288458 0.10524
0.010156 1.03379 -0.30596 0.10502
0.0572399 0.937761 -0.140203 0.023654
0.0637084 0.933438 -0.13947 0.0233948
-0.0245372 1.08874 -0.313434 0.0969205
-0.0225676 1.08827 -0.314239 0.0979574
-0.0555548 0.998508 -0.358691 0.0644785
-0.0530841 1.13554 -0.314874 0.1024
-0.0115363 1.21889 -0.241918 0.0201027
-0.0590991 1.12397 -0.305183 0.0939227
-0.0248449 1.13396 -0.329734 0.114344
-0.0149353 1.13178 -0.332817 0.118037
-0.0600701 1.08432 -0.292571 0.0785254
-0.115188 1.20741 -0.309485 0.0323673
-0.0559146 1.08348 -0.295448 0.0801788
-0.0543705 1.08317 -0.296393 0.0807468
-0.0442926 1.0811 -0.30185 0.0846262
-0.0247846 1.07709 -0.311152 0.0945334
-0.0227754 1.07667 -0.311984 0.0956583
-0.0183659 1.07576 -0.313631 0.0980807
-0.0101284 1.07404 -0.316316 0.102677
-0.0153697 1.13337 -0.333511 0.118587
-0.0669972 1.07268 -0.28559 0.0736551
-0.0675785 1.06808 -0.285053 0.0729556
-0.0649219 1.07215 -0.287314 0.0745049
-0.0654522 1.06772 -0.286821 0.0738526
-0.0602485 1.07095 -0.290865 0.0764293
-0.060581 1.06689 -0.290531 0.0759233
-0.0565209 1.07 -0.293423 0.0779922
-0.0569348 1.06626 -0.293041 0.077497
-0.0553145 1.0697 -0.294155 0.0784558
-0.0557861 1.06606 -0.29374 0.07795
-0.0451022 1.06717 -0.29963 0.0825642
-0.0454624 1.06418 -0.299304 0.082192
-0.0258048 1.06245 -0.308734 0.0927687
-0.0260706 1.06058 -0.30851 0.0925529
-0.0236957 1.06194 -0.309597 0.0939955
-0.0239232 1.06017 -0.309396 0.0938096
-0.0190491 1.06082 -0.311311 0.0966585
-0.019218 1.05927 -0.311147 0.0965218
-0.0111888 1.05894 -0.31384 0.101229
-0.0113473 1.05775 -0.313704 0.101118
0.06964 1.14392 -0.233184 0.0969139
0.0961643 1.1915 -0.189903 0.0427564
0.0671265 1.15207 -0.294338 0.0870195
-0.0318768 1.18422 -0.268841 0.057095
-0.0865124 1.18371 -0.305922 0.0597056
-0.112092 1.20914 -0.313971 0.0329883
-0.051269 1.00424 -0.344494 0.0693896
0.0669279 1.1507 -0.251776 0.0986776
0.0335609 1.17949 -0.210432 0.0562874
-0.0791107 1.1987 -0.324504 0.0560801
0.0531552 1.16186 -0.248416 0.0840968
-0.0248804 1.11532 -0.321531 0.105423
-0.0466367 1.00266 -0.351883 0.0687343
-0.0269722 1.11551 -0.320584 0.10438
-0.0255365 1.11969 -0.322916 0.107
-0.0467482 1.12241 -0.312403 0.0978894
-0.0581354 1.11814 -0.303413 0.0913765
-0.0276887 1.11997 -0.321971 0.105989
0.0955527 1.19146 -0.196124 0.0459104
-0.0311479 1.13533 -0.327379 0.112061
-0.117212 1.0419 -0.27784 0.0423372
-0.0287038 1.1348 -0.328353 0.112962
-0.0623327 1.12284 -0.302203 0.0920122
-0.125541 1.04848 -0.276353 0.033765
0.0242832 1.18092 -0.370752 0.0686668
0.0685099 1.11205 -0.233913 0.0999084
0.0994828 1.16011 -0.184601 0.0420556
0.19036 1.08414 -0.334959 0.0829967
-0.143581 1.05956 -0.278371 0.0153536
-0.152692 1.07175 -0.280719 0.00165804
-0.05717 1.1299 -0.30953 0.0977473
-0.0654493 1.13259 -0.317461 0.092592
-0.0596247 1.12631 -0.305995 0.0949176
-0.0570397 1.14063 -0.304979 0.0947903
-0.0476934 1.14208 -0.321683 0.108417
-0.0574316 1.14729 -0.31819 0.0974397
-0.0500047 1.13893 -0.318481 0.105709
-0.0496723 1.13933 -0.318856 0.106069
-0.0890616 1.1536 -0.311226 0.0652419
0.0361801 1.17645 -0.214229 0.0593136
-0.111991 1.15842 -0.304559 0.0417617
-0.114683 1.15904 -0.303488 0.0389145
-0.128293 1.16062 -0.299286 0.0256205
-0.00153457 1.21859 -0.234335 0.0192787
-0.111763 1.0962 -0.28768 0.0437608
-0.0286296 1.18361 -0.270596 0.0583152
-0.116417 1.20921 -0.307402 0.0299538
0.0470881 1.16607 -0.247689 0.078404
0.0493381 1.09428 -0.443347 0.0987875
-0.00342794 1.14814 -0.360118 0.10687
-0.0260292 1.20085 -0.256265 0.0388213
-0.0188495 1.1928 -0.266617 0.0501125
0.0473974 1.16594 -0.230215 0.0730677
0.0219851 1.19162 -0.237936 0.0473152
-0.10869 1.20453 -0.29777 0.0345474
-0.0147808 1.02496 -0.328867 0.0922183
-0.118278 1.2089 -0.310208 0.0300934
-0.118889 1.2152 -0.300989 0.0232703
-0.050995 1.18427 -0.336683 0.081641
0.0353672 1.17724 -0.218243 0.0587354
-0.0343679 1.14549 -0.334687 0.115752
-0.0513212 1.14699 -0.313609 0.101598
0.0997881 1.19083 -0.339505 0.0411042
-0.0279002 1.17558 -0.282975 0.0699361
-0.00526411 1.22041 -0.236315 0.0177287
0.157226 1.16822 -0.317459 0.0557802
-0.0823005 1.17805 -0.305768 0.0648559
-0.072778 1.16787 -0.308761 0.076055
-0.0503502 1.14607 -0.318559 0.104268
-0.0483663 1.14441 -0.319772 0.106756
-0.0217278 1.17549 -0.28542 0.0722282
0.0162436 1.20542 -0.236997 0.0331218
-0.0480226 1.1443 -0.320207 0.107104
-0.0155184 1.11033 -0.38152 0.0851826
-0.115236 1.21282 -0.313874 0.0287197
-0.0313229 1.14354 -0.33207 0.116699
-0.0500963 1.14597 -0.316149 0.103693
-0.11434 1.21847 -0.314345 0.0245679
0.0477639 1.07667 -0.463249 0.0827757
0.016865 1.12099 -0.36424 0.118853
-0.0467297 1.14402 -0.321657 0.108251
-0.044437 1.1433 -0.324342 0.110446
-0.0445549 1.14468 -0.325167 0.109622
-0.0438149 1.14363 -0.32545 0.110776
-0.0365121 1.14506 -0.332815 0.114627
-0.0405347 1.15138 -0.331517 0.107947
-0.0362735 1.14513 -0.333064 0.114754
0.125638 1.17743 -0.235729 0.0510592
0.0670212 1.15453 -0.283852 0.0878204
-0.00270377 1.22252 -0.230154 0.0156795
0.0993412 1.21129 -0.170239 0.0171334
0.100352 1.20658 -0.183439 0.027387
0.100615 1.19693 -0.183143 0.0341955
0.0464381 1.16691 -0.238965 0.0745823
0.0644654 1.15283 -0.251232 0.0959934
0.0355025 1.17715 -0.223516 0.0595497
0.0249325 1.14528 -0.402361 0.101813
0.104596 1.17048 -0.249885 0.0738117
0.0126771 1.2039 -0.229829 0.0327234
-0.0226981 1.17281 -0.289954 0.0762132
0.0617326 1.15517 -0.250354 0.0929574
0.0338578 1.17707 -0.242192 0.0639499
-0.0166695 1.2086 -0.251747 0.0314918
0.0223027 1.19304 -0.220316 0.0432051
0.0250716 1.18883 -0.225582 0.0477205
0.0256655 1.18732 -0.230278 0.049845
-0.015436 1.21125 -0.248727 0.0282255
0.012196 1.20214 -0.235575 0.0348977
-0.0216377 1.17543 -0.285565 0.0723612
0.0445263 1.16786 -0.247121 0.0759785
-0.0147916 1.22433 -0.239486 0.014919
-0.00250504 1.17704 -0.270277 0.0607119
0.0336565 1.17708 -0.243096 0.0641868
0.0193585 1.19469 -0.237285 0.0437647
0.195923 1.19104 -0.271862 0.00921571
-0.0215981 1.17549 -0.285456 0.0722669
0.0345758 1.17637 -0.243533 0.0651826
0.0372714 1.21026 -0.246212 0.0394266
-0.0126389 1.21818 -0.243126 0.0211527
0.0975477 1.20521 -0.172875 0.0236902
-0.020545 1.17736 -0.282657 0.0695419
-0.0258018 1.15539 -0.313909 0.0995174
0.0173441 1.15576 -0.282529 0.0796463
-0.0235647 1.17284 -0.309424 0.0837923
-0.0242884 1.15918 -0.309161 0.0945928
-0.0279669 1.15111 -0.320947 0.105978
-0.0306033 1.14359 -0.332442 0.117038
-0.0270264 1.14118 -0.332797 0.117249
-0.0195147 1.13629 -0.333337 0.117995
-0.021665 1.11155 -0.378523 0.0835366
-0.0099636 1.02249 -0.336862 0.0912237
0.00176055 1.21323 -0.234449 0.0234649
0.0190314 1.19364 -0.238492 0.0443541
0.0163196 1.19835 -0.236097 0.0395718
-0.0186865 1.18589 -0.272882 0.0584402
0.0204222 1.19343 -0.237619 0.045226
-0.0193425 1.18107 -0.276917 0.0641229
-0.0165508 1.20453 -0.268973 0.0412795
-0.0194311 1.18052 -0.277784 0.0649293
0.0352505 1.17578 -0.24397 0.0659723
0.0388874 1.17262 -0.245886 0.0701119
0.034831 1.17881 -0.243836 0.0631136
0.119623 1.16994 -0.255345 0.0656556
-0.00640619 1.18596 -0.26395 0.0516032
0.0178399 1.17884 -0.252457 0.0568578
0.00874023 1.18074 -0.256859 0.0540525
0.00461769 1.18032 -0.260149 0.0547893
-0.012952 1.21877 -0.242601 0.0204834
-0.00731373 1.22235 -0.237715 0.0165385
-0.00767267 1.22388 -0.236794 0.0150007
0.0290302 1.04303 -0.333701 0.119955
-0.0541816 1.21904 -0.429487 0.0223193
-0.0355902 1.20489 -0.456341 0.0314826
0.0138478 1.18648 -0.485548 0.0579116
-0.120035 1.20911 -0.310375 0.0288314
-0.114989 1.20983 -0.303327 0.0292435
-0.1161 1.21253 -0.2997 0.0264007
-0.113296 1.20624 -0.308948 0.0338645
-0.109174 1.2022 -0.307207 0.0375673
-0.108233 1.20139 -0.306954 0.0384192
-0.0811991 1.18777 -0.317063 0.0607386
-0.0810203 1.18817 -0.317452 0.060603
-0.0811037 1.18792 -0.317267 0.0607162
-0.103191 1.20433 -0.315524 0.0392537
-0.105678 1.19946 -0.306661 0.040629
-0.100545 1.19482 -0.306025 0.04552
-0.102507 1.20674 -0.31814 0.0385433
-0.100836 1.2063 -0.318979 0.0395977
-0.100726 1.20632 -0.319039 0.0396352
0.00455401 1.05523 -0.317817 0.110767
-0.0417822 1.18492 -0.382735 0.0701958
0.00567269 1.17807 -0.474012 0.0663566
-0.0385254 0.998264 -0.364953 0.0688552
-0.066779 1.19686 -0.331191 0.064488
-0.0598363 1.18907 -0.341172 0.0709963
-0.0328548 1.1743 -0.358126 0.091961
-0.0474298 1.22301 -0.436991 0.0137954
-0.0873583 1.20383 -0.323726 0.0481433
-0.0945399 1.20585 -0.321611 0.042874
-0.0768744 1.20047 -0.326473 0.0564888
-0.0727501 1.19894 -0.328152 0.0597231
-0.13639 1.23201 -0.301713 0.00515645
-0.134062 1.22533 -0.315979 0.0128686
-0.131785 1.22637 -0.313027 0.0115614
-0.054161 1.2215 -0.430709 0.019958
-0.127019 1.22994 -0.310874 0.00991638
-0.125313 1.22276 -0.312379 0.0166563
-0.129651 1.22858 -0.301875 0.00893071
-0.128713 1.22492 -0.303429 0.0120334
-0.122888 1.22475 -0.295556 0.0149928
-0.128534 1.22486 -0.303391 0.0121566
-0.12845 1.22464 -0.303532 0.0123697
-0.124062 1.22459 -0.297929 0.0140451
-0.129587 1.22517 -0.312266 0.0130748
-0.126336 1.22171 -0.312732 0.0172141
-0.124751 1.22005 -0.312692 0.0192206
-0.124326 1.21935 -0.312849 0.0199594
-0.119596 1.21142 -0.313381 0.0282728
-0.118526 1.20904 -0.310288 0.0299129
-0.120543 1.212 -0.307789 0.0261042
-0.0374435 1.16776 -0.339353 0.100393
0.00200162 1.1035 -0.417134 0.0799701
-0.0506107 1.17404 -0.346957 0.0851559
-0.121947 1.21416 -0.306555 0.0235302
0.0714057 1.14536 -0.240982 0.100138
-0.138449 1.22408 -0.320078 0.0159096
0.00682385 1.19946 -0.534832 0.0201652
-0.0353717 1.16466 -0.339555 0.103663
0.0178685 1.18172 -0.476446 0.0685724
0.0408944 1.15645 -0.524379 0.0441889
-0.0416362 1.00547 -0.34815 0.0715385
0.0110957 1.06964 -0.532878 0.0220867
-0.00653907 1.03759 -0.314741 0.10496
-0.0187329 1.02639 -0.322417 0.0931891
0.00556593 1.1993 -0.53714 0.0185954
-0.0332646 1.13468 -0.348001 0.104309
-0.0543578 1.22518 -0.431526 0.0172101
-0.0508011 1.21004 -0.419857 0.0329264
-0.0507779 1.20967 -0.419883 0.033202
0.00836097 1.19953 -0.531782 0.0223759
-0.0367119 1.00332 -0.35562 0.0714044
-0.0413372 1.22328 -0.442021 0.0132148
-0.0436401 1.22442 -0.441147 0.0115376
-0.0416006 1.223 -0.441822 0.0133961
-0.046316 1.00695 -0.340996 0.0721834
0.000928856 1.15986 -0.474898 0.0720464
0.0470755 1.09765 -0.415924 0.107619
0.152045 1.15187 -0.43388 0.0339889
0.00157358 1.11251 -0.33033 0.118576
-0.00888575 1.20736 -0.52288 0.0128658
0.0131213 1.14709 -0.469414 0.0835084
0.00266252 1.04147 -0.317014 0.110026
-0.00334605 1.20511 -0.522837 0.0172741
-0.0594016 1.22394 -0.44906 0.0120226
-0.041486 1.22294 -0.441863 0.0134952
-0.0417843 1.22293 -0.441618 0.0134149
-0.0592603 1.22323 -0.44833 0.0123613
0.0234695 1.15005 -0.461958 0.0913016
-0.0434379 1.18703 -0.386605 0.0664323
0.0149481 1.18336 -0.479022 0.0645563
-0.0107733 1.20874 -0.528182 0.00977691
-0.02306 1.20751 -0.449143 0.0362892
-0.0181925 1.2108 -0.513769 0.0142785
0.0149999 1.18364 -0.479524 0.0640998
0.000840832 1.18553 -0.45593 0.0664039
-0.0525527 1.00122 -0.368312 0.0590895
0.130789 1.04578 -0.33127 0.106819
0.252373 1.1616 -0.39331 0.0214647
0.0231474 1.17967 -0.474179 0.0737476
0.0171855 1.17482 -0.456725 0.0826206
-0.0239434 1.15937 -0.348665 0.107123
0.012858 1.06652 -0.526635 0.0271179
0.00393328 1.20086 -0.524007 0.0232711
-0.00525468 1.10162 -0.408327 0.0768821
0.0253901 1.14832 -0.468345 0.0859818
0.00204504 1.18984 -0.564594 0.0167422
0.00292187 1.1726 -0.469604 0.0712428
-0.00313175 1.20102 -0.507269 0.0278441
0.00497234 1.07088 -0.320195 0.111465
0.0048287 1.0818 -0.322221 0.112722
0.016543 1.13044 -0.514923 0.0502158
-0.00754045 1.20147 -0.504856 0.0277035
-0.00311451 1.20498 -0.522844 0.0174734
-0.00578274 1.20584 -0.52067 0.016305
0.00645634 1.18778 -0.567361 0.0164977
-0.038691 1.20577 -0.44922 0.0282916
0.00444329 1.19189 -0.569659 0.0131095
-0.0393775 1.18079 -0.375542 0.0772212
-0.00960729 1.19979 -0.501379 0.0303571
0.0658099 1.04602 -0.342609 0.136225
-0.00134917 1.1952 -0.580123 0.00109328
0.0250485 1.05047 -0.321414 0.124091
0.00664537 1.18119 -0.456018 0.0724214
0.0220447 1.04886 -0.320874 0.122071
-0.0588703 1.22049 -0.445419 0.0142461
0.0793974 1.17115 -0.323704 0.0607777
-0.0140066 1.1959 -0.454494 0.0512077
-0.0341196 1.14555 -0.334903 0.115878
-0.0575719 1.22023 -0.448482 0.0135807
-0.0500977 1.20147 -0.4095 0.0438772
-0.0562437 1.21992 -0.451934 0.0136633
-0.047419 1.19568 -0.401472 0.0519357
0.0221203 1.17165 -0.457289 0.0876137
0.0428582 1.15481 -0.53378 0.0394816
0.00666691 1.06118 -0.546734 0.0113288
0.0262301 1.13145 -0.541222 0.0354489
-0.00207685 1.10562 -0.397845 0.0849239
0.00708986 1.10036 -0.497583 0.0576747
0.0103479 1.19923 -0.519391 0.0303226
0.00613459 1.19997 -0.522309 0.0258927
0.00787028 1.19933 -0.519604 0.028595
0.0497091 0.996773 -0.394543 0.110712
-0.0494582 1.2143 -0.457617 0.0196704
-0.0193929 1.19784 -0.449631 0.0457136
0.00873747 1.06771 -0.543521 0.0143595
0.00863226 1.18612 -0.568494 0.0173342
0.000396645 1.19556 -0.568564 0.0126483
-0.0576685 1.21638 -0.439075 0.0189317
0.0263061 1.06753 -0.496375 0.053219
0.0255506 1.16398 -0.458244 0.0916433
0.0162374 1.06233 -0.520894 0.0323593
0.133277 1.01418 -0.329936 0.107544
-0.00470858 1.09987 -0.421282 0.0723725
-0.0383087 1.17847 -0.37164 0.0810805
-0.0268495 0.996649 -0.371125 0.0728351
-0.0535963 1.21557 -0.448718 0.0164072
0.0239321 1.178 -0.470681 0.0774018
-0.0445636 1.00239 -0.375548 0.0581333
-0.0347279 0.999873 -0.378085 0.0631731
-0.039785 0.999879 -0.371547 0.0640473
-0.0437655 1.18763 -0.387941 0.0652122
-0.0341655 0.998017 -0.367043 0.0703122
-0.00455221 1.1132 -0.328706 0.115461
-0.0320151 0.998399 -0.375626 0.066745
-0.0306354 0.999829 -0.364758 0.0720791
-0.0265186 0.996833 -0.370888 0.0730046
-0.00342957 1.01802 -0.34792 0.0905019
-0.000517328 1.01543 -0.35296 0.0903413
0.0271552 1.04491 -0.33017 0.120612
-0.0323557 1.20236 -0.438984 0.0352654
0.0377316 1.07402 -0.32765 0.133314
-0.0260885 1.10948 -0.381424 0.0786494
0.000843692 1.10696 -0.395948 0.0882806
0.0423624 1.063 -0.326308 0.135986
0.00986069 1.08286 -0.506227 0.0463391
0.0760695 1.13805 -0.317417 0.0932596
-0.0133823 1.19563 -0.454312 0.0518145
0.0422495 1.05851 -0.325625 0.135834
-0.0517743 1.20861 -0.423775 0.0324302
-0.0419376 1.00042 -0.35943 0.0686377
-0.048517 1.20821 -0.428489 0.030176
0.0165516 1.05221 -0.320098 0.118458
-0.0455358 0.998773 -0.362112 0.0668154
0.0167739 1.07897 -0.324492 0.119743
0.0217135 1.05488 -0.520021 0.0346805
0.0520394 1.08294 -0.332346 0.143758
0.000485714 1.10477 -0.404497 0.0837292
0.0239814 1.0507 -0.321249 0.123363
0.0169512 1.06836 -0.322531 0.118833
0.00753206 1.09557 -0.497955 0.0563209
0.0352422 1.09694 -0.333682 0.134635
0.0422047 1.07296 -0.328154 0.136347
0.00642582 1.10555 -0.41434 0.0848435
0.0165696 1.05242 -0.32012 0.118464
-0.0363413 1.14528 -0.33608 0.114136
0.0108446 1.10322 -0.515565 0.0422753
0.0126462 1.09045 -0.540891 0.0214366
0.00205583 1.11281 -0.476686 0.0797156
0.0133467 1.12224 -0.36011 0.119175
-0.012669 1.19512 -0.454346 0.0525299
-0.0554757 1.21315 -0.430081 0.0259168
0.0397241 1.12191 -0.431712 0.110663
0.00313494 1.18391 -0.455867 0.06874
0.0549682 1.08022 -0.332006 0.145582
0.0741391 1.17362 -0.31652 0.0608334
-0.0505919 1.20678 -0.419909 0.0354996
-0.0476087 1.18742 -0.389135 0.0629027
0.00373246 1.10629 -0.402287 0.0874805
0.0131943 1.11116 -0.332945 0.124732
-0.0559408 1.1615 -0.36 0.0878542
0.0324929 1.14763 -0.512644 0.0499097
-0.028383 1.16173 -0.346386 0.107523
-0.0307825 1.16611 -0.352337 0.101075
-0.0361813 1.17499 -0.366666 0.0863594
-0.0321971 1.1693 -0.357219 0.0961024
0.00398006 1.16848 -0.418715 0.0751491
0.0229708 1.16534 -0.444023 0.0884633
-0.0253648 1.16899 -0.368393 0.0885775
0.0744774 1.13688 -0.315877 0.0948957
-0.0190495 1.10854 -0.384081 0.0810189
-0.0258981 1.10448 -0.388948 0.0726946
-0.0293239 1.14379 -0.33507 0.117211
-0.0312706 1.13536 -0.346567 0.106336
-0.0202846 1.13347 -0.345769 0.111454
-0.055769 1.16147 -0.359873 0.0880015
-0.0291029 1.16011 -0.345001 0.108638
-0.0312606 1.1566 -0.341215 0.111107
-0.0217136 1.13956 -0.337742 0.11761
-0.0312756 1.1524 -0.338636 0.113271
-0.0255832 1.14179 -0.336287 0.117406
-0.0314791 1.15412 -0.339541 0.11244
-0.0296196 1.15921 -0.344005 0.109285
-0.0121968 1.13236 -0.345424 0.11552
-0.026098 1.13425 -0.346509 0.108367
-0.0200996 1.13859 -0.338411 0.117698
-0.0141354 1.13535 -0.341123 0.118064
0.0345831 1.10767 -0.369142 0.122074
0.0178867 1.10891 -0.43446 0.0901336
-0.0309469 1.14475 -0.334591 0.11713
-0.0567345 1.16151 -0.360499 0.0872767
0.0813381 1.19085 -0.328908 0.0416375
0.0138103 1.09889 -0.533663 0.027695
0.0399535 1.0629 -0.488739 0.062215
0.0224108 1.16898 -0.459746 0.0883047
0.0225923 1.16938 -0.460077 0.0879791
0.00553813 1.16122 -0.471769 0.0751601
0.0115446 1.16388 -0.467339 0.0795515
0.0143075 1.19853 -0.517834 0.0339006
0.0166147 1.17717 -0.570647 0.0236391
0.00576317 1.09809 -0.48724 0.0667874
0.0408926 1.15646 -0.524337 0.0442096
0.0170437 1.10582 -0.538528 0.0270664
0.0315653 1.17094 -0.553829 0.0249313
0.00763053 1.18896 -0.570969 0.0144143
0.0572036 1.10167 -0.383856 0.114874
0.0464738 1.1162 -0.4371 0.104133
0.00717195 1.1866 -0.566636 0.0176221
0.00969214 1.07476 -0.546913 0.0146673
0.0267096 1.05675 -0.513185 0.0408731
0.238524 1.15062 -0.374779 0.0370775
0.0423946 1.15494 -0.533005 0.0399904
0.0111153 1.06445 -0.534741 0.0200078
0.0235938 1.05299 -0.522133 0.0335324
0.0216852 1.05425 -0.521174 0.0337908
0.0148763 1.06042 -0.527582 0.0262526
0.0489302 1.0983 -0.382958 0.121709
0.00760574 1.05517 -0.544122 0.011547
0.0693857 1.0268 -0.421518 0.084682
-0.000979859 1.19011 -0.561979 0.0185698
0.0173005 1.19509 -0.567088 0.0110948
0.0384241 1.16354 -0.537865 0.034037
0.00253063 1.18874 -0.563739 0.0177126
0.0127109 1.18127 -0.569633 0.0202377
0.00967175 1.1852 -0.570811 0.0168289
0.00578931 1.19511 -0.574824 0.00956064
0.00679609 1.19034 -0.571528 0.0133016
0.0107427 1.18369 -0.570346 0.0180642
0.00518429 1.19517 -0.573706 0.00991042
0.0100357 1.19354 -0.571826 0.00942314
0.00873018 1.18592 -0.568299 0.0175527
0.00649268 1.19205 -0.572675 0.011823
0.00701551 1.19022 -0.571727 0.013337
0.00677038 1.19497 -0.577904 0.0088128
0.00949168 1.18549 -0.570907 0.016591
0.00906124 1.18631 -0.571186 0.0159171
0.00779357 1.18916 -0.572186 0.0137377
0.00754668 1.18984 -0.572938 0.0130229
0.00466298 1.19132 -0.569368 0.0135343
0.000948753 1.19286 -0.56681 0.0144047
0.00336348 1.19533 -0.57131 0.0108833
0.00824762 1.18521 -0.565679 0.0190142
0.000584616 1.19441 -0.567841 0.0133584
0.000633247 1.19416 -0.56768 0.0135211
0.00167189 1.1936 -0.568276 0.0131826
-0.00119346 1.19019 -0.561904 0.0186189
0.00255404 1.12747 -0.351066 0.11888
0.0663864 1.12998 -0.304267 0.105048
-0.0269874 1.18866 -0.344426 0.0896345
-0.0111813 1.15586 -0.362052 0.101187
-0.021869 1.1653 -0.349157 0.101924
0.0015273 1.13019 -0.352436 0.117246
0.00999486 1.153 -0.392973 0.0936869
0.0319924 1.20284 -0.362634 0.0470226
0.0364182 1.20045 -0.367815 0.0472655
-0.028387 1.18136 -0.344784 0.094743
0.0182645 1.17901 -0.366224 0.0724809
0.0672403 1.02179 -0.35598 0.121911
0.0107115 1.12565 -0.322578 0.113935
0.146534 1.1536 -0.436903 0.0323747
0.00203634 1.16365 -0.359528 0.0918109
0.0896727 1.14486 -0.326756 0.0835397
0.0931373 1.15937 -0.330524 0.0694032
0.00786586 1.15495 -0.366886 0.0965257
0.0496243 1.12585 -0.294578 0.110024
0.0732473 1.20073 -0.314971 0.0385387
0.0722983 1.18863 -0.28296 0.0613314
0.0298117 1.10821 -0.326543 0.125967
0.0250726 1.18233 -0.370609 0.0671635
-0.00489378 1.12612 -0.333882 0.120445
-0.000533937 1.12308 -0.333953 0.121437
-0.00972718 1.13317 -0.343479 0.118293
-0.013627 1.13511 -0.341376 0.118092
0.0558179 1.10763 -0.307119 0.125754
0.0703514 1.17651 -0.286434 0.0687687
0.0202226 1.10856 -0.333736 0.128007
-0.0207042 1.16153 -0.350011 0.104136
-0.0192008 1.15724 -0.35123 0.106616
-0.021314 1.15816 -0.349999 0.106879
-0.00459364 1.18383 -0.351878 0.0797265
0.0394135 1.11871 -0.30852 0.115441
0.00456863 1.11963 -0.333913 0.122758
0.0112383 1.11476 -0.333708 0.124801
0.0273381 1.14738 -0.410489 0.100831
0.17972 1.20748 -0.286427 0.00773893
0.0110975 1.12846 -0.36325 0.115353
0.086479 1.19406 -0.33386 0.0377106
0.0303964 1.14913 -0.420113 0.100827
0.0113684 1.18788 -0.358013 0.0688075
0.031466 1.12429 -0.399062 0.111511
0.0139127 1.19369 -0.357423 0.0633329
0.0152997 1.19649 -0.357018 0.0605964
0.11082 1.15867 -0.165374 0.0257478
0.0646479 1.13939 -0.285571 0.10081
0.0619473 1.1189 -0.292236 0.118293
0.0736799 1.12761 -0.314771 0.103913
0.020481 1.1836 -0.365898 0.0678518
0.02204 1.17644 -0.370998 0.0732324
0.0206691 1.14337 -0.391465 0.103348
0.0211884 1.18491 -0.365742 0.0664687
0.062685 1.10756 -0.302008 0.127008
0.0629563 1.10649 -0.302729 0.127826
0.0300218 1.14882 -0.418701 0.100833
0.0619606 1.11905 -0.292089 0.118181
0.0230545 1.12614 -0.380828 0.113184
0.0622273 1.11319 -0.296777 0.122618
0.0680301 1.14226 -0.30579 0.0930694
0.0698307 1.17338 -0.29614 0.0677709
0.00864108 1.12445 -0.355767 0.119113
0.012961 1.12242 -0.359707 0.119189
0.0371305 1.09541 -0.333591 0.135564
0.0317642 1.1021 -0.341666 0.129939
0.0399823 1.09296 -0.33341 0.137006
0.0283446 1.11655 -0.380812 0.117921
0.0361977 1.16667 -0.544324 0.0297708
0.0309247 1.18098 -0.379152 0.066889
0.0745909 1.14286 -0.440106 0.0795667
0.0282286 1.17586 -0.379264 0.0720529
0.0326488 1.18394 -0.378937 0.063779
0.0166618 1.1516 -0.378669 0.096452
0.0248418 1.14108 -0.504541 0.0561539
0.0129464 1.14325 -0.378221 0.104912
0.0678772 1.10436 -0.309646 0.127627
0.031931 1.11138 -0.374063 0.120121
0.0520414 1.08665 -0.448025 0.0956233
0.0152448 1.12767 -0.368846 0.114486
0.148198 1.15349 -0.436686 0.0323546
0.00396435 1.14521 -0.366886 0.106317
0.0335937 1.09871 -0.335228 0.133242
0.156767 1.18606 -0.230399 0.0287344
0.0562227 1.09724 -0.316781 0.133332
0.0695143 1.11148 -0.311118 0.120381
0.0630348 1.10622 -0.30293 0.128031
0.0267188 1.12536 -0.38798 0.112413
0.179804 1.13368 -0.37854 0.0789283
0.0869656 1.1789 -0.196793 0.0535556
0.0236244 1.14671 -0.461483 0.0919752
0.0640606 1.06779 -0.327921 0.150334
0.0386142 1.11698 -0.410914 0.114262
0.0568312 1.07392 -0.356649 0.132707
0.120529 1.16075 -0.25656 0.071628
0.2401 1.13448 -0.357235 0.0462776
0.111212 1.17642 -0.338796 0.0542891
0.0603267 1.07537 -0.334472 0.147499
0.132061 1.16125 -0.242747 0.0617307
0.0407752 1.10326 -0.373693 0.122327
0.0469984 1.09375 -0.360095 0.129376
0.048397 1.09169 -0.357097 0.131156
0.0610739 1.07403 -0.331157 0.149641
0.0607774 1.07435 -0.331204 0.149435
0.0543307 1.08104 -0.451358 0.0935272
0.0592377 1.06399 -0.346124 0.138645
0.0636539 1.13264 -0.286095 0.106834
0.0702994 1.08325 -0.292205 0.128373
0.228475 1.1683 -0.405261 0.0195718
0.0327147 1.11607 -0.391679 0.116244
0.0342953 1.11594 -0.396323 0.115617
0.0262464 1.16885 -0.457275 0.0918
0.0317556 1.15042 -0.42487 0.100766
0.0818763 1.1377 -0.458574 0.0685403
0.148775 1.08393 -0.341767 0.0996082
0.0555289 1.05914 -0.403599 0.104896
0.129681 1.19157 -0.22378 0.0353678
0.0523397 0.999862 -0.41266 0.10225
0.25908 1.15609 -0.385952 0.024544
0.0175834 1.11707 -0.529598 0.0354123
0.0260539 1.16663 -0.457635 0.0918255
0.0282613 1.16503 -0.452329 0.0937622
0.0481052 1.09563 -0.432362 0.10183
0.0285633 1.16441 -0.451592 0.0940938
0.00657419 1.11806 -0.491823 0.0666087
0.0494719 1.07144 -0.467754 0.0799319
0.0538252 1.08734 -0.361156 0.131784
0.0668624 0.985272 -0.371658 0.106122
0.0833967 0.956672 -0.392826 0.0760278
0.0262322 1.16882 -0.457269 0.0918161
0.145717 0.990111 -0.33348 0.104795
0.102745 0.967979 -0.346315 0.0980402
0.0404133 1.11814 -0.429698 0.111793
0.0404763 1.118 -0.430349 0.111561
0.0404984 1.12112 -0.430575 0.111602
0.040382 1.11821 -0.430255 0.111681
0.0405314 1.12184 -0.430589 0.111607
0.0727983 1.04892 -0.308692 0.134274
0.0478768 1.10106 -0.388346 0.119763
0.0894257 1.13455 -0.424073 0.0710165
0.15698 1.17799 -0.277376 0.0406811
0.0272913 1.16421 -0.454619 0.093014
0.0159501 1.13041 -0.513397 0.0513958
0.0789557 1.16688 -0.505773 0.0211829
0.0228365 1.1467 -0.462556 0.091387
0.119176 1.13458 -0.414431 0.0564462
0.00287034 1.11801 -0.477386 0.0800776
0.0365918 1.08643 -0.464373 0.0799492
0.028832 1.17028 -0.466386 0.0841185
0.0295591 1.17695 -0.466132 0.0838007
0.0264045 1.16922 -0.457361 0.091611
0.0262427 1.1688 -0.457243 0.0918249
0.0262598 1.16891 -0.457388 0.0917152
0.0577317 1.07441 -0.348992 0.137778
0.0579368 1.0745 -0.347593 0.138705
0.0232861 1.14724 -0.462213 0.091661
0.0301065 1.1775 -0.459074 0.0877933
0.123816 1.14461 -0.237435 0.0719055
0.0889356 1.10354 -0.370459 0.102863
0.146118 1.1372 -0.337795 0.0897096
0.0517515 1.1579 -0.527575 0.0357912
0.0391197 1.15777 -0.508463 0.0534939
0.0196489 1.14278 -0.465668 0.0890041
0.135836 1.08409 -0.342703 0.106635
0.0553434 1.07282 -0.374105 0.121757
0.0137204 1.124 -0.465929 0.0863252
0.0132172 1.1246 -0.466756 0.0859487
0.0161024 1.12401 -0.462827 0.0879641
0.056401 1.13405 -0.436517 0.0964262
0.054271 1.08578 -0.360558 0.131924
0.12458 0.995544 -0.328802 0.113635
0.0307281 1.15207 -0.48361 0.0722758
0.0491012 1.15684 -0.527829 0.0375544
0.0545945 1.06978 -0.424186 0.0978841
0.110842 1.03378 -0.447161 0.0392421
0.17274 1.06813 -0.331942 0.0856069
0.0618811 1.0683 -0.329677 0.150135
0.14081 1.1649 -0.451347 0.0261091
0.0452744 1.15792 -0.519961 0.0437027
0.206249 1.12386 -0.359703 0.0696135
0.263932 1.04848 -0.362076 0.0171546
0.126629 1.14211 -0.424005 0.0468377
0.0636915 1.11123 -0.45563 0.0847915
0.051919 1.0822 -0.427878 0.0992665
0.118927 1.12181 -0.393648 0.0717201
0.0609554 1.11833 -0.452042 0.087685
0.052984 1.11958 -0.443952 0.0965826
0.045735 1.10607 -0.397498 0.117041
0.0407756 1.12195 -0.426741 0.112412
0.0407633 1.11744 -0.419868 0.113959
0.0405811 1.11726 -0.423424 0.113057
0.148657 1.15917 -0.445133 0.0267014
0.186556 1.11254 -0.358089 0.0890969
0.0562598 1.08225 -0.350173 0.137918
0.0444667 1.1066 -0.436305 0.104968
0.055887 1.08297 -0.35179 0.136992
0.0945759 0.94445 -0.387121 0.068945
0.0545453 1.08591 -0.358256 0.133368
0.0527605 1.08483 -0.377966 0.121448
0.0906717 0.922671 -0.41113 0.0435409
0.0512064 1.08308 -0.410739 0.105658
0.0406291 1.12253 -0.430673 0.111535
0.0409375 1.12423 -0.429721 0.111604
0.040869 1.1195 -0.423383 0.113206
0.126865 1.16143 -0.447441 0.0356271
0.0563428 1.05774 -0.421058 0.0973055
0.0609004 1.06873 -0.445001 0.0876724
0.100173 0.909408 -0.390032 0.0435178
0.150674 1.12222 -0.383976 0.0751184
0.177338 1.12692 -0.36773 0.0884212
0.063276 1.0655 -0.329418 0.149511
0.128724 1.16553 -0.451336 0.0334513
0.0693578 1.14284 -0.442142 0.0839974
0.076039 1.00366 -0.356563 0.113121
0.0583616 1.06333 -0.353731 0.133492
0.0488298 1.03607 -0.450062 0.075987
0.0569243 1.06185 -0.37113 0.122281
0.253264 1.14919 -0.373743 0.0308792
0.140471 0.953647 -0.360724 0.0701672
0.14134 0.952762 -0.362184 0.0684412
0.0619406 1.06534 -0.330813 0.149132
0.0594565 1.06412 -0.344607 0.139672
0.0490671 1.0558 -0.459479 0.0760908
0.178016 1.12235 -0.366334 0.0902702
0.248718 1.14469 -0.368496 0.0355621
0.0529417 0.982404 -0.410742 0.100793
0.160503 1.15227 -0.436084 0.0337992
0.143622 1.13422 -0.407957 0.0544076
0.106275 1.15532 -0.44433 0.0517314
0.135569 1.1607 -0.446118 0.0308762
0.0589765 0.989843 -0.378737 0.109371
0.249046 1.16056 -0.386125 0.026757
0.0860984 1.04905 -0.330179 0.135875
0.27591 1.10735 -0.370481 0.0110931
0.162429 1.11097 -0.355194 0.101703
0.247199 1.16027 -0.383491 0.0292067
0.258969 1.15001 -0.373839 0.0253488
0.074153 0.9133 -0.429277 0.0355242
0.23469 1.07662 -0.361434 0.0465893
0.22527 1.17342 -0.416316 0.010631
0.253311 1.0253 -0.346918 0.0239479
0.156221 1.1793 -0.274077 0.0405994
0.256315 1.15052 -0.370821 0.0281404
0.274517 1.03866 -0.362565 0.00880533
0.262515 1.09892 -0.36816 0.0222167
0.0520458 1.07482 -0.460624 0.0860116
0.213288 1.10923 -0.337646 0.0756565
0.248372 1.03994 -0.348407 0.0305161
0.25477 1.15784 -0.383814 0.0268163
0.237593 1.13497 -0.358892 0.0467452
0.259888 1.12714 -0.369381 0.0247836
0.251224 1.15505 -0.380271 0.029243
0.253823 1.15342 -0.37854 0.028812
0.15465 1.17874 -0.272811 0.0417282
0.0705957 1.08479 -0.290582 0.127482
0.252813 1.15876 -0.383983 0.0271448
0.0677448 1.09462 -0.309817 0.136559
0.0707086 1.09903 -0.291268 0.127062
0.255457 1.15656 -0.382926 0.0271025
0.238224 1.10324 -0.358862 0.0459983
0.247471 1.16022 -0.383539 0.0290767
0.273218 1.09733 -0.369963 0.0135626
0.278011 1.09955 -0.370788 0.00967541
0.250078 1.03956 -0.349936 0.0285669
0.0540789 1.01459 -0.37321 0.119668
0.142645 1.0617 -0.334227 0.100008
0.133285 1.16027 -0.242673 0.0618706
0.198903 1.13038 -0.366261 0.0712505
0.166038 1.16434 -0.452998 0.0210685
0.230039 1.16889 -0.406675 0.0177272
0.238618 1.1407 -0.364973 0.0424809
0.16361 1.17787 -0.285229 0.0383468
0.155728 1.20747 -0.222754 0.0105337
0.255608 1.16175 -0.396279 0.0195947
0.0713934 1.14679 -0.252339 0.103486
0.194437 1.10549 -0.34842 0.0881557
0.0704549 1.1051 -0.291642 0.126613
0.0913484 0.922713 -0.409927 0.0438734
0.239363 1.16713 -0.403861 0.0169034
0.111766 1.15445 -0.25305 0.080717
0.0782307 1.15438 -0.247912 0.0971487
0.22084 1.14256 -0.36968 0.0510859
0.197346 1.10325 -0.343834 0.087905
0.230994 1.1371 -0.363199 0.0481288
0.0694664 1.07593 -0.330012 0.14601
0.230262 1.14715 -0.371995 0.043365
0.175362 1.12033 -0.366082 0.0931813
0.119177 1.15499 -0.247722 0.0742185
0.24752 1.14337 -0.366604 0.0371021
0.19615 1.13541 -0.369142 0.0709081
0.220747 1.11566 -0.344069 0.0674317
0.25514 1.15608 -0.382414 0.0273881
0.14142 1.16953 -0.237731 0.049495
0.106555 1.09236 -0.339676 0.12134
0.172698 1.11629 -0.363539 0.0966089
0.174034 1.11695 -0.364905 0.0958113
0.266128 1.16343 -0.376857 0.0159008
0.205782 1.10725 -0.342817 0.0807394
0.0643651 1.07363 -0.328562 0.149863
0.0643659 1.07378 -0.328585 0.149853
0.0645383 1.07499 -0.327696 0.149101
0.188652 1.10873 -0.354271 0.0898043
0.0673357 1.09159 -0.312733 0.138401
0.209824 1.10902 -0.342487 0.0773995
0.191047 1.11016 -0.354298 0.0874283
0.266083 1.16339 -0.376887 0.0159464
0.237015 1.13023 -0.353914 0.0500471
0.219266 1.11873 -0.349131 0.065773
0.230586 1.12426 -0.350186 0.0567347
0.22387 1.1184 -0.345635 0.0641115
0.2288 1.12215 -0.34814 0.0590757
0.211144 1.12134 -0.35563 0.0681424
0.256817 1.16149 -0.383614 0.023141
0.266058 1.16338 -0.376911 0.0159676
0.242275 1.13672 -0.359373 0.043891
0.243432 1.13845 -0.361052 0.0422902
0.242569 1.13723 -0.35994 0.0434339
0.102572 1.13014 -0.212658 0.0738706
0.0749633 1.10913 -0.268054 0.117543
0.0661246 1.09771 -0.308464 0.134364
0.07333 1.10171 -0.276472 0.120938
0.0965848 1.19188 -0.189655 0.042348
0.0967714 1.20076 -0.178161 0.0298361
0.0631675 1.04711 -0.291379 0.128632
0.0956557 1.20119 -0.176364 0.0287833
0.133658 1.18392 -0.231721 0.040539
0.140253 1.20036 -0.218278 0.0218702
0.145851 1.18136 -0.266334 0.0441975
0.127432 1.16528 -0.259431 0.064915
0.0765501 1.17914 -0.253481 0.0804933
0.0624675 1.11312 -0.296483 0.12261
0.208751 0.921867 -0.334537 0.0419026
0.068919 1.13988 -0.262322 0.10544
0.155655 1.1793 -0.273281 0.0409458
0.0639583 1.10373 -0.30443 0.129857
0.0986311 1.14299 -0.329707 0.0837993
0.0647666 1.10131 -0.305967 0.131664
0.0622515 1.12445 -0.286851 0.114213
0.0834082 1.12141 -0.321298 0.106868
0.116264 1.15483 -0.249391 0.0767772
0.159387 1.11014 -0.354367 0.102007
0.0707457 1.1448 -0.254728 0.104091
0.158829 1.19938 -0.27668 0.0215917
0.0955076 1.19144 -0.195594 0.045698
0.0634608 1.1064 -0.302069 0.127758
0.146335 1.17535 -0.268532 0.0480267
0.146381 1.16577 -0.286963 0.0522469
0.0781867 1.18477 -0.253018 0.0771709
0.0933127 1.18671 -0.217193 0.0592711
0.0475496 1.1641 -0.212534 0.0714691
0.0819451 1.16875 -0.204346 0.063124
0.0975153 1.08861 -0.33734 0.126789
0.189002 1.18628 -0.274629 0.0143118
0.106803 1.21619 -0.163354 0.00770287
0.0992437 1.21084 -0.170485 0.0176319
0.0987652 1.19912 -0.184658 0.033989
0.0970973 1.20025 -0.199414 0.0407804
0.0867769 1.17151 -0.24341 0.0833333
0.0742039 1.14597 -0.249675 0.103922
0.0893408 1.18218 -0.193968 0.0500174
0.0995018 1.21161 -0.170313 0.0168656
0.0972558 1.19364 -0.187607 0.039922
0.097008 1.19903 -0.180275 0.0321398
0.0958059 1.20083 -0.177029 0.0293657
0.082627 1.17745 -0.248303 0.0810982
0.112507 1.19669 -0.174778 0.0259786
0.0732431 1.14477 -0.248434 0.104159
0.096145 1.19408 -0.197292 0.0443481
0.101491 1.20871 -0.169029 0.0176228
0.0715942 1.10477 -0.285721 0.124143
0.0723359 1.14502 -0.244469 0.102044
0.0684349 1.11197 -0.233813 0.0998409
0.0782107 1.16817 -0.208649 0.0684963
0.0503258 0.941552 -0.136666 0.0222744
0.102809 1.18337 -0.176631 0.0305308
0.113077 1.15223 -0.167712 0.0300064
0.0947989 1.20123 -0.175739 0.0285987
0.119444 1.21356 -0.163147 0.0130067
0.12288 1.2104 -0.165257 0.0169998
0.0736061 1.1446 -0.249966 0.105031
0.0503053 1.01989 -0.227995 0.0991034
0.112052 1.21085 -0.167443 0.0135353
0.0669832 1.1087 -0.234456 0.0992829
0.112898 1.13741 -0.189882 0.0523838
0.110444 1.15232 -0.172957 0.0337732
0.07985 1.09763 -0.319029 0.129455
0.120948 1.13813 -0.176316 0.0432734
0.0913005 1.18556 -0.223943 0.0639675
0.137516 1.17091 -0.264552 0.0557943
0.10047 1.16308 -0.248704 0.0809528
0.0723053 1.11115 -0.282105 0.121872
0.0861701 1.17002 -0.245206 0.0853412
0.118457 1.21365 -0.162511 0.0118754
0.0908028 1.18246 -0.225278 0.0666892
0.100575 1.15299 -0.18745 0.0463722
0.0954709 1.19018 -0.20618 0.05113
0.100313 1.19666 -0.183435 0.0346468
0.0684655 1.11196 -0.233931 0.0998947
0.0960962 1.20033 -0.177879 0.03009
0.0956349 1.19052 -0.203505 0.0496415
0.0736601 1.14435 -0.250036 0.105145
0.116149 1.15239 -0.156803 0.0231312
0.0979115 1.19545 -0.185689 0.0375671
0.105486 1.19323 -0.180264 0.0317309
0.0727337 1.1092 -0.255579 0.110503
0.0942644 1.20316 -0.1724 0.025788
0.0784903 1.15443 -0.212992 0.0748522
0.0939857 1.13686 -0.213774 0.0741474
0.108462 1.15762 -0.171178 0.0306226
0.109764 1.17258 -0.164289 0.0203093
0.113505 1.15946 -0.15455 0.0181829
0.0903047 1.10431 -0.322101 0.120889
0.0610194 1.10278 -0.223141 0.0928275
0.123369 1.13858 -0.170539 0.0399944
0.090882 1.1827 -0.224943 0.0663854
0.11321 1.16873 -0.150446 0.0126012
0.134341 1.20435 -0.197991 0.0187978
0.0959045 1.19136 -0.199915 0.0475178
0.0927846 1.18855 -0.192363 0.0463896
0.0921887 1.18776 -0.192672 0.0469893
0.0944775 1.19035 -0.194465 0.0459359
0.0795206 1.12394 -0.250449 0.111927
0.0720878 1.11056 -0.282981 0.122321
0.110998 1.16547 -0.161917 0.0204652
0.0750412 1.10947 -0.267639 0.11739
0.111742 1.18482 -0.226643 0.0517898
0.113341 1.16047 -0.147911 0.0140966
0.0559378 0.935231 -0.136977 0.0210135
0.108424 1.1638 -0.168491 0.0260915
0.0490685 1.01268 -0.220787 0.0989494
0.0648379 0.951161 -0.166034 0.046973
0.090712 1.07896 -0.160144 0.0276658
0.095438 1.16592 -0.247301 0.0820602
0.0654124 1.15698 -0.211042 0.077869
0.0555918 1.105 -0.214664 0.0869931
0.0584529 0.931835 -0.135842 0.0196244
0.0994377 1.15589 -0.186553 0.0451067
0.079513 1.12404 -0.250524 0.111929
0.0971457 1.02602 -0.329517 0.127748
0.174033 1.0598 -0.326546 0.0820218
0.0577176 0.933834 -0.136705 0.020686
0.051278 1.00484 -0.225789 0.103656
0.0779549 1.02801 -0.181113 0.0532733
0.103814 1.15985 -0.249979 0.0811777
0.0511443 1.0053 -0.225428 0.103351
0.0969826 1.07926 -0.150447 0.0199091
0.0923824 1.07213 -0.147984 0.0175387
0.0660057 0.922811 -0.118495 0.00844029
0.0621707 1.10436 -0.225029 0.0939872
0.0599687 1.05823 -0.262165 0.109377
0.0574399 1.09728 -0.217967 0.0897574
0.0550026 1.06982 -0.235723 0.0945787
0.113115 1.16267 -0.15323 0.0159843
0.112518 1.17347 -0.157345 0.0153846
0.102862 1.19174 -0.182342 0.0342679
0.0797387 1.18467 -0.185685 0.0464224
0.0615591 1.0683 -0.26196 0.108979
0.0658332 1.15683 -0.211591 0.0781699
0.101457 1.171 -0.178858 0.0339054
0.0967161 1.17119 -0.242876 0.0765253
0.106695 1.15081 -0.252235 0.085562
0.0769588 1.12195 -0.244923 0.10821
0.0715086 1.17124 -0.199034 0.0625346
0.110311 1.15828 -0.166699 0.0268802
0.136487 1.17025 -0.264005 0.0567476
0.0839053 1.15444 -0.206326 0.0670416
0.0974137 1.18818 -0.186884 0.0401166
0.112953 1.16898 -0.242722 0.0669375
0.0692735 1.09686 -0.207202 0.0756575
0.12467 1.12404 -0.332719 0.0988127
0.0758901 1.16922 -0.205322 0.0662568
0.0725269 1.1442 -0.244766 0.102445
0.0678293 1.05606 -0.311055 0.139637
0.0676245 1.11109 -0.232622 0.0990273
0.0655521 1.10864 -0.229921 0.0971502
0.0549855 1.01971 -0.369416 0.121626
0.0585786 1.03085 -0.264148 0.114144
0.0712556 1.04885 -0.305935 0.133394
0.0618265 1.0436 -0.285102 0.124882
0.0592248 1.04494 -0.266153 0.113142
0.126071 1.19416 -0.21722 0.0335262
0.0588719 1.04034 -0.265642 0.113474
0.0680237 1.05608 -0.311414 0.139757
0.0794416 1.12392 -0.25012 0.111754
0.0944573 1.12275 -0.232245 0.0937575
0.0609494 1.04068 -0.280162 0.12205
0.102615 1.17946 -0.232714 0.0634597
0.103209 1.14786 -0.252405 0.0889174
0.129201 1.15917 -0.244414 0.0652173
0.17156 1.06131 -0.329848 0.0854923
0.0859295 1.17645 -0.217962 0.0663256
0.10976 1.19685 -0.190017 0.0325466
0.0910058 1.18323 -0.223888 0.0655404
0.0632579 1.04748 -0.292076 0.129028
0.0651877 1.05552 -0.306343 0.137839
0.0788165 1.12395 -0.247708 0.110436
0.0996835 1.19312 -0.186875 0.038813
0.106183 1.19574 -0.181367 0.0321204
0.104516 1.17887 -0.17408 0.0281953
0.110767 1.19638 -0.176567 0.0275088
0.107263 1.18356 -0.170881 0.0249895
0.112003 1.17906 -0.160849 0.0171361
0.108105 1.18441 -0.170168 0.0241854
0.0888119 1.16934 -0.245755 0.0841313
0.0879456 1.1821 -0.195523 0.0519201
0.0856901 1.17892 -0.198209 0.055304
0.0868194 1.13956 -0.252506 0.101508
0.0720412 1.1543 -0.220163 0.0836204
0.0914165 1.16877 -0.246182 0.0829027
0.0803028 1.15811 -0.247159 0.0941402
0.101907 1.16243 -0.249105 0.0806026
0.0651818 1.10422 -0.23497 0.0983767
0.0684194 1.09609 -0.258487 0.109227
0.0507432 1.04026 -0.232443 0.0959677
0.0580365 1.04029 -0.261468 0.111021
0.050307 1.03005 -0.230404 0.0972699
0.0723178 1.10404 -0.26401 0.114153
0.0577143 1.02806 -0.259822 0.112291
0.0699208 1.09653 -0.265029 0.11319
0.0609256 1.0581 -0.26691 0.112259
0.251631 0.88708 -0.347141 0.00762698
0.0625819 1.06806 -0.267109 0.112114
0.139251 1.17198 -0.265343 0.0542125
0.0573303 1.02702 -0.258263 0.111621
0.0708597 1.10404 -0.256931 0.11003
0.0619337 1.09472 -0.235561 0.0965409
0.053071 1.05927 -0.234913 0.0945274
0.0583917 1.0453 -0.26188 0.110551
0.0514396 1.048 -0.233668 0.0952435
0.201172 0.907702 -0.313851 0.0263208
0.170049 1.0463 -0.239294 0.0197152
0.0870023 1.02514 -0.17286 0.0464204
0.0658419 0.9269 -0.120755 0.00890492
0.142349 1.17369 -0.266283 0.0514377
0.0743948 1.10953 -0.262938 0.114801
0.0743613 1.10946 -0.262957 0.114794
0.0744778 1.10949 -0.263672 0.115189
0.178121 1.17208 -0.294044 0.0347364
0.165275 1.17539 -0.291739 0.0409169
0.182162 1.01782 -0.289914 0.0537663
0.133323 1.08291 -0.246154 0.0583989
0.121572 1.19722 -0.205688 0.0306568
0.117169 1.15511 -0.249004 0.0759432
0.10313 1.09539 -0.336053 0.120805
0.084512 1.09707 -0.322885 0.127491
0.157421 1.03344 -0.326898 0.0918048
0.0657092 1.05776 -0.310065 0.140361
0.129607 1.16665 -0.260209 0.0628998
0.135284 1.18348 -0.261056 0.0485905
0.101159 1.11057 -0.325217 0.112877
0.0812655 1.09943 -0.31881 0.127776
0.0765889 1.11415 -0.26158 0.11504
0.190733 1.19373 -0.262661 0.0108956
0.109326 1.15293 -0.25222 0.083087
0.0645312 1.05772 -0.291936 0.128204
0.0661065 1.06726 -0.292061 0.128074
0.064079 1.06704 -0.327852 0.150368
0.124485 1.11222 -0.338407 0.104789
0.0669714 1.06707 -0.305913 0.137274
0.107289 1.11386 -0.327137 0.108895
0.0865728 1.13501 -0.253644 0.104629
0.0672492 0.991796 -0.369421 0.108558
0.0659385 1.05859 -0.311498 0.141336
0.0640643 1.06652 -0.327825 0.150391
0.110016 1.09384 -0.340655 0.119333
0.159215 1.11014 -0.354299 0.101996
0.0654105 0.985842 -0.373038 0.106538
0.163714 1.11753 -0.353241 0.0983281
0.0792678 1.12666 -0.252752 0.11207
0.0880717 1.13616 -0.253445 0.103183
0.162786 1.11994 -0.351856 0.0969467
0.116534 1.11287 -0.33377 0.106625
0.0737614 1.10412 -0.273814 0.119837
0.0682452 1.07303 -0.301565 0.134136
0.0644714 1.06769 -0.325045 0.148525
0.0691138 1.10011 -0.299961 0.13105
0.0648077 1.06568 -0.327942 0.149872
0.0761692 1.09707 -0.316329 0.131482
0.0760185 1.06588 -0.330297 0.141907
0.0790015 1.12896 -0.254468 0.112151
0.129425 1.12703 -0.333837 0.0963351
0.0777615 1.12534 -0.25987 0.113418
0.144534 1.1666 -0.282709 0.0521975
0.140336 1.13334 -0.336668 0.091968
0.0676266 1.05654 -0.311367 0.140027
0.134745 0.982667 -0.319896 0.10326
0.156145 1.17945 -0.273741 0.0405921
0.155996 1.17939 -0.273057 0.0405798
0.155909 1.17937 -0.273525 0.0407704
0.156095 1.18037 -0.273228 0.0399606
0.161618 1.18143 -0.277097 0.0364313
0.143681 1.1354 -0.337279 0.0907402
0.104146 1.14868 -0.252377 0.0880033
0.110906 1.09493 -0.340488 0.118405
0.159172 1.11008 -0.354311 0.102029
0.113219 1.09486 -0.341514 0.117589
0.14835 1.10629 -0.351392 0.103867
0.178035 1.11153 -0.349013 0.0923727
0.0681952 1.09621 -0.306863 0.134862
0.162387 1.1817 -0.277427 0.0358563
0.183661 1.18891 -0.265388 0.0154363
0.0710874 1.0905 -0.317954 0.137461
0.197802 0.99147 -0.337011 0.0756732
0.136774 0.979894 -0.317331 0.100437
0.074478 1.09479 -0.316825 0.133544
0.073383 1.08997 -0.320411 0.136665
0.0776737 1.08912 -0.324247 0.134984
0.100935 1.09264 -0.336498 0.123212
0.0819718 1.09402 -0.323317 0.130345
0.0707579 1.09542 -0.312148 0.134731
0.0772612 1.09445 -0.319515 0.132418
0.0725257 1.09759 -0.280502 0.122707
0.0725388 1.09769 -0.280408 0.122668
0.092998 1.08648 -0.336054 0.129683
0.0965209 1.08812 -0.337076 0.12743
0.169798 1.15879 -0.312806 0.0549659
0.198585 0.986013 -0.34487 0.0735251
0.193477 0.988699 -0.335916 0.0798412
0.0489138 0.994607 -0.388514 0.113672
0.191453 0.987277 -0.33527 0.0818512
0.179137 0.982492 -0.331214 0.0924804
0.244582 1.0255 -0.35015 0.0317334
0.189283 1.07827 -0.332763 0.081747
0.194868 0.91183 -0.348722 0.0299512
0.0943967 0.991874 -0.346198 0.108165
0.109035 1.05796 -0.281185 0.090083
0.0719804 1.05069 -0.309979 0.135785
0.0639505 0.973902 -0.40489 0.0910029
0.0515097 0.999053 -0.383173 0.114566
0.0700898 1.05385 -0.31156 0.138319
0.174871 1.03503 -0.300468 0.0615157
0.178384 1.04443 -0.298568 0.0576772
0.0657972 0.927145 -0.119427 0.00815141
0.109118 1.00024 -0.233156 0.0754902
0.0998549 1.02287 -0.32956 0.126208
0.168979 1.01448 -0.310654 0.0764547
0.168902 0.996812 -0.319341 0.088053
0.178917 0.991363 -0.311395 0.0799807
0.170875 1.04986 -0.316201 0.0755155
0.164615 1.04269 -0.319985 0.0819503
0.162343 1.03378 -0.320086 0.0837715
0.149556 1.05144 -0.411696 0.0397803
0.192025 0.92631 -0.307274 0.0372811
0.186285 0.923864 -0.297835 0.0333911
0.0956723 0.999252 -0.245743 0.0901502
0.0953163 1.00054 -0.248021 0.0909905
0.204957 0.910386 -0.325782 0.032244
0.146763 0.942506 -0.291422 0.0641574
0.0771944 0.999261 -0.232114 0.0938384
0.142645 0.969196 -0.305777 0.0887488
0.124051 0.996146 -0.328872 0.113905
0.0874749 0.914368 -0.149271 0.0120389
0.0836933 1.02519 -0.176609 0.0496015
0.251672 0.886989 -0.347165 0.00762021
0.146819 0.9456 -0.292395 0.0665911
0.0577782 1.04085 -0.366976 0.123561
0.0798028 1.00112 -0.236953 0.0939101
0.0404558 0.99976 -0.232637 0.0959041
0.0432498 1.00398 -0.235729 0.0978504
0.0557014 1.02145 -0.25032 0.108525
0.0546043 1.01795 -0.245029 0.106852
0.0532234 1.01813 -0.247327 0.106151
0.0597358 1.0242 -0.256802 0.109822
0.0616474 1.02532 -0.259983 0.110441
0.0687043 1.01396 -0.250662 0.103169
0.0790538 1.01902 -0.268986 0.10656
0.0861572 1.02088 -0.282302 0.109776
0.0575915 1.05273 -0.369115 0.12274
0.0524363 0.999264 -0.381989 0.114396
0.0851087 1.02399 -0.286097 0.112398
0.0801366 1.03228 -0.29309 0.119199
0.0815497 1.03247 -0.295824 0.120051
0.0836984 1.02891 -0.292844 0.117007
0.0722611 1.03027 -0.278415 0.114914
0.0558695 1.00489 -0.229224 0.102134
0.0665079 1.0126 -0.246906 0.10271
0.0514382 0.993692 -0.385355 0.112795
0.054098 1.01618 -0.395919 0.107794
0.0532277 0.937306 -0.136317 0.0209644
0.135158 1.0319 -0.254242 0.0548731
0.125986 1.04886 -0.267621 0.0684928
0.136026 1.06302 -0.258541 0.0571846
0.0670137 0.942016 -0.148483 0.0309344
0.129389 1.05773 -0.265236 0.0652286
0.0670395 0.932828 -0.128339 0.0142964
0.0600079 0.943358 -0.149242 0.0313201
0.0494605 0.97351 -0.195752 0.0763801
0.0535826 1.00311 -0.225237 0.102602
0.0506518 1.00407 -0.225288 0.103274
0.0638319 0.942342 -0.150612 0.0326994
0.0516315 0.93985 -0.136457 0.0217098
0.0509868 0.927403 -0.121676 0.00480679
0.059359 0.933485 -0.13736 0.0212178
0.0610017 0.936635 -0.141391 0.0246275
0.051016 0.916129 -0.121559 0.0110314
0.0630336 1.04587 -0.182837 0.0573182
0.0633995 0.932663 -0.138526 0.0226409
0.0653752 0.941032 -0.149771 0.0320838
0.0666258 0.936145 -0.137428 0.0215168
0.0507684 1.00678 -0.22448 0.102458
0.0655209 0.945979 -0.15799 0.0392815
0.0660392 0.922619 -0.119469 0.00895298
0.0639814 0.935807 -0.142024 0.025528
0.0474022 1.0061 -0.220262 0.0992535
0.0653527 0.941964 -0.150994 0.0332148
0.0477968 1.00014 -0.222766 0.101437
0.0533217 1.00329 -0.22531 0.102728
0.0470518 1.02125 -0.217022 0.0950257
0.0649809 0.951392 -0.166646 0.0475399
0.0657419 0.946632 -0.160384 0.0410186
0.0656212 0.947558 -0.160687 0.0417998
0.0650294 0.95112 -0.166119 0.0470633
0.0769051 0.919274 -0.146079 0.0163771
0.0652118 0.947521 -0.174524 0.0499636
0.075537 0.913435 -0.42831 0.0352564
0.064676 0.951611 -0.175954 0.0533757
0.064068 0.960693 -0.182875 0.063003
0.0647614 0.957464 -0.177353 0.0576618
0.0644584 0.959058 -0.179827 0.0601188
0.0662391 0.968137 -0.195094 0.0739508
0.0619687 0.967538 -0.198621 0.0777211
0.0615935 0.968332 -0.200233 0.079292
0.061617 0.94881 -0.194652 0.0652564
0.0621268 0.944861 -0.193314 0.0623618
0.0642326 0.925593 -0.129168 0.0148786
0.0643534 0.920933 -0.128263 0.0149579
0.0653099 0.91851 -0.127126 0.0146147
0.0670882 0.916134 -0.125384 0.01404
0.159616 0.911458 -0.230423 0.0105582
0.096291 0.993476 -0.234732 0.0873846
0.148876 0.95466 -0.283437 0.0679445
0.138385 0.977402 -0.314347 0.0975015
0.132385 0.957797 -0.247961 0.0531176
0.0796343 0.9192 -0.172441 0.0299905
0.0821404 1.01509 -0.264926 0.103102
0.0737028 0.924846 -0.160457 0.0269043
0.0733608 0.925633 -0.162842 0.0289681
0.0753013 0.921063 -0.147632 0.018202
0.089537 1.00654 -0.255364 0.0957643
0.0599335 0.924256 -0.37495 0.0469295
0.183379 0.908633 -0.283394 0.0189098
0.0698839 0.925278 -0.176664 0.0392528
0.0675754 0.935949 -0.156583 0.0323097
0.0950924 1.00274 -0.253035 0.092481
0.0849654 0.915923 -0.16712 0.0228973
0.0877785 0.914479 -0.164377 0.0194804
0.160403 0.916992 -0.371705 0.0298268
0.0722355 1.0096 -0.246249 0.0998892
0.0596077 0.999279 -0.223038 0.099438
0.0699783 1.00799 -0.242057 0.099454
0.0882571 1.01687 -0.276754 0.105706
0.203641 0.935132 -0.333688 0.0522172
0.15343 0.98235 -0.320824 0.0966067
0.139064 0.950728 -0.304911 0.0749295
0.274501 1.04713 -0.364826 0.01167
0.18402 0.978955 -0.327298 0.0895615
0.0911777 1.01204 -0.269733 0.10078
0.171335 0.935503 -0.293942 0.04677
0.0541109 0.985446 -0.214629 0.0933465
0.0543557 0.974781 -0.209401 0.0884414
0.148241 0.957545 -0.288629 0.0725176
0.087312 0.988223 -0.218373 0.0888979
0.149173 0.95314 -0.280938 0.0657269
0.185762 0.904897 -0.281201 0.0151244
0.0958781 0.985866 -0.21773 0.0862488
0.0904284 0.990427 -0.224132 0.0882139
0.0962405 0.993692 -0.235173 0.0874873
0.183765 0.979196 -0.327665 0.0897396
0.0531987 0.976399 -0.210266 0.0893708
0.0518604 0.978559 -0.211408 0.0906239
0.169639 0.939965 -0.295382 0.0514753
0.117265 0.988001 -0.281316 0.0846514
0.206848 0.910404 -0.331544 0.0347315
0.207026 0.918382 -0.334338 0.0405039
0.134239 0.983583 -0.320755 0.104145
0.0836965 0.989491 -0.354986 0.106635
0.177899 0.900473 -0.370147 0.0159937
0.182735 0.923763 -0.356707 0.0353199
0.104855 0.95486 -0.346504 0.0929267
0.183493 0.900568 -0.364665 0.0183113
0.180264 0.914145 -0.28622 0.0247401
0.140456 0.959241 -0.305803 0.0812186
0.142438 0.969759 -0.306407 0.0893834
0.141521 0.971819 -0.308308 0.091438
0.148974 0.9707 -0.307203 0.0874867
0.235765 1.01465 -0.349004 0.0395767
0.175231 0.981161 -0.320037 0.091371
0.16402 0.972142 -0.309009 0.0842539
0.17232 1.11062 -0.353351 0.0976923
0.0301184 0.963229 -0.441683 0.087788
0.0433844 0.976249 -0.429116 0.0992857
0.142346 0.991918 -0.331228 0.107676
0.180515 0.895622 -0.268961 0.0132687
0.187243 0.896911 -0.274134 0.00990856
0.167626 0.910481 -0.278699 0.0276046
0.14766 0.959587 -0.293123 0.0763062
0.14653 0.962284 -0.297976 0.0806861
0.148732 0.946257 -0.29262 0.0660783
0.146942 0.950937 -0.293905 0.0708422
0.205199 0.922304 -0.331633 0.0420878
0.161248 0.919549 -0.283474 0.03823
0.14989 0.943548 -0.291779 0.0632317
0.205532 0.927012 -0.333768 0.0462383
0.188146 0.917574 -0.29542 0.0273088
0.163307 0.916376 -0.281939 0.0346021
0.193331 0.902334 -0.288897 0.015124
0.196571 0.90598 -0.299532 0.0200636
0.253332 0.888702 -0.346294 0.00632859
0.222045 1.0045 -0.344197 0.0524163
0.131189 1.03722 -0.330576 0.106513
0.254416 0.889647 -0.345651 0.00578769
0.153514 1.09648 -0.347417 0.100467
0.0814001 0.897638 -0.430549 0.0218991
0.130788 1.04652 -0.331373 0.106824
0.215176 0.889407 -0.338254 0.0283653
0.159233 1.10854 -0.354119 0.102051
0.161593 1.04727 -0.32771 0.0894813
0.138257 1.0936 -0.346963 0.107392
0.137972 1.09268 -0.346489 0.107337
0.179128 1.09527 -0.342819 0.0896008
0.193903 0.965128 -0.336577 0.0767079
0.195699 0.962649 -0.336087 0.0747224
0.180328 1.09907 -0.344801 0.0905471
0.057039 1.05716 -0.428382 0.0945656
0.049618 0.983947 -0.425415 0.101029
0.0652494 0.90817 -0.433528 0.0345506
0.0997254 1.04239 -0.331245 0.126663
0.167074 1.11321 -0.357073 0.10036
0.0487641 0.980972 -0.425981 0.101722
0.051899 1.07467 -0.460968 0.0857217
0.263319 1.03686 -0.358787 0.0159758
0.16586 1.11269 -0.355837 0.101056
0.176121 1.08398 -0.337768 0.0872366
0.180419 0.932279 -0.355855 0.0428824
0.132059 1.06202 -0.335059 0.106185
0.245334 1.0292 -0.349784 0.0309381
0.24611 1.02513 -0.351882 0.0300762
0.184794 0.976326 -0.339391 0.0864131
0.0674232 1.0174 -0.358268 0.119721
0.237266 1.01423 -0.351016 0.0379795
0.23236 0.906551 -0.339291 0.0231226
0.219195 0.902116 -0.337416 0.0269592
0.175131 0.91786 -0.36415 0.0289899
0.152225 1.09346 -0.345895 0.100246
0.250965 0.893246 -0.345124 0.00922435
0.248349 0.889818 -0.345857 0.00960311
0.184518 0.945672 -0.346877 0.0566333
0.0954862 1.04313 -0.331079 0.129561
0.202717 0.99395 -0.338844 0.0709084
0.20163 0.993479 -0.338551 0.071943
0.219205 1.00319 -0.343091 0.0550262
0.245993 1.06259 -0.358123 0.0342161
0.200936 1.00306 -0.337447 0.0679447
0.22348 1.07297 -0.337945 0.060595
0.215618 1.08193 -0.33642 0.0699273
0.243284 1.05266 -0.346506 0.0374834
0.243228 1.04973 -0.345781 0.0369654
0.254507 1.0234 -0.359371 0.0225624
0.218365 1.09226 -0.362839 0.0640138
0.20539 1.09511 -0.343452 0.0793835
0.199038 1.07922 -0.334081 0.0771924
0.241747 1.05306 -0.344774 0.0394472
0.232238 1.04277 -0.343456 0.0404498
0.237996 1.05702 -0.34295 0.0436343
0.22886 1.0677 -0.340099 0.0544429
0.230822 1.06605 -0.340641 0.052393
0.174471 1.11554 -0.364174 0.0962118
0.0787296 0.913918 -0.426041 0.0350849
0.197096 0.960772 -0.335439 0.0732894
0.197877 0.959755 -0.334913 0.0725479
0.179244 0.946682 -0.352291 0.0566839
0.208014 0.908876 -0.335582 0.0352161
0.154235 0.962375 -0.358083 0.0739674
0.211354 0.946552 -0.335177 0.0590173
0.133276 0.941214 -0.370764 0.0581364
0.0486888 0.995631 -0.432042 0.0921344
0.129652 0.990293 -0.328098 0.111193
0.138118 0.994711 -0.331077 0.109152
0.158505 0.924163 -0.36929 0.0367768
0.131706 0.990751 -0.328782 0.110687
0.0941816 0.944317 -0.38871 0.068314
0.126482 0.941223 -0.370077 0.0610045
0.0498109 0.891318 -0.381886 0.016039
0.11303 0.930634 -0.397451 0.0456055
0.0260767 0.942719 -0.459309 0.0648197
0.0683662 0.959467 -0.422935 0.0779266
0.0448725 0.97717 -0.430913 0.0990606
0.106617 0.968699 -0.343779 0.098655
0.0160402 0.954195 -0.400382 0.0872881
0.0144906 0.931937 -0.406821 0.0716923
0.101511 0.926326 -0.368379 0.0644322
0.107517 0.994355 -0.336756 0.111131
0.0942083 0.919668 -0.401251 0.0441897
0.0995014 0.911465 -0.391491 0.0437926
0.0946006 0.941631 -0.388915 0.0660356
0.03431 0.969841 -0.435736 0.0947138
0.0825946 0.892432 -0.425326 0.0151825
0.0831015 0.88853 -0.430489 0.0147077
0.0816704 0.886405 -0.435619 0.0173579
0.0876365 0.939756 -0.408273 0.0592795
0.15658 0.953465 -0.370067 0.060964
0.100474 0.908824 -0.392476 0.0414931
0.100549 0.905603 -0.399951 0.0343793
0.0311496 0.956177 -0.431461 0.0862188
0.0836819 0.884957 -0.418548 0.00775405
0.0325892 0.96894 -0.430303 0.0964172
0.03243 0.968772 -0.433423 0.0952981
0.0312954 0.957328 -0.431386 0.0871103
0.0816176 0.905169 -0.427516 0.027291
0.082157 0.91246 -0.422789 0.0333376
0.0843365 0.894071 -0.415442 0.0160326
0.0853763 0.89376 -0.411907 0.0169501
0.0826203 0.909172 -0.421075 0.0299803
0.0852169 0.897404 -0.429839 0.020102
0.0382508 0.971063 -0.442392 0.0922357
0.0295412 0.961069 -0.443213 0.0855318
0.0283057 0.952355 -0.444951 0.0779333
0.0288754 0.957798 -0.445767 0.0820039
0.0289088 0.958025 -0.445576 0.082256
0.0322954 0.968735 -0.434101 0.0950047
0.0581916 1.04205 -0.362428 0.126441
0.0315301 0.96829 -0.437789 0.093277
0.0374395 0.971543 -0.440924 0.0933918
0.0368519 0.97122 -0.440637 0.0933445
0.0328337 0.969034 -0.433921 0.0951917
0.0422234 0.975082 -0.43498 0.0966906
0.0378609 0.915285 -0.43474 0.0531407
0.0384764 0.970934 -0.442787 0.0919268
0.0381704 0.971986 -0.44008 0.0938939
0.0254396 0.93737 -0.464118 0.0587975
0.0250629 0.935114 -0.465954 0.0563354
0.0317717 0.962168 -0.432326 0.0904539
0.0500112 1.00583 -0.433415 0.0887892
0.0378634 0.971781 -0.440446 0.0936898
0.112675 0.933327 -0.390117 0.0508856
0.0565012 1.03739 -0.398762 0.106044
0.066044 0.959908 -0.42441 0.0787512
0.049364 0.979506 -0.427581 0.10063
0.059184 1.04437 -0.350195 0.134592
0.0483367 0.939638 -0.432075 0.0654072
0.0540618 1.07763 -0.455117 0.0906585
0.0545801 1.07827 -0.453915 0.0917004
0.09572 0.944696 -0.383186 0.0705099
0.0488534 0.98069 -0.426192 0.101603
0.0562315 1.06797 -0.440482 0.0927673
0.107876 1.01275 -0.32936 0.121639
0.0548284 1.05579 -0.440879 0.0878407
0.125061 0.922715 -0.401496 0.0324399
0.0523885 1.01388 -0.430205 0.0897906
0.0557466 1.07256 -0.445904 0.0924303
0.113771 1.00645 -0.32932 0.118518
0.0905939 0.924631 -0.409482 0.0458317
0.048403 0.992686 -0.394466 0.111376
0.089171 0.931463 -0.40922 0.051725
0.0645728 1.05636 -0.335797 0.143029
0.0841165 1.02051 -0.341879 0.122529
0.055953 1.07028 -0.443163 0.0926282
0.164521 0.976127 -0.350098 0.0861595
0.0548888 1.05653 -0.440994 0.088035
0.0558869 1.07117 -0.444327 0.0925115
0.0561603 1.0688 -0.441299 0.092768
0.0591996 1.04462 -0.34999 0.134738
0.107617 0.998607 -0.335338 0.113509
0.0547922 1.05503 -0.440659 0.0877016
0.0791708 1.04907 -0.32883 0.140382
0.107542 0.997269 -0.335804 0.112744
0.0883153 0.963206 -0.364937 0.0905226
0.10784 1.00766 -0.331627 0.118624
0.0531602 1.01058 -0.395339 0.108629
0.0965208 1.02595 -0.329953 0.127606
0.0598719 1.05535 -0.344194 0.139249
0.0920993 0.94551 -0.393526 0.0675621
0.0481739 0.98637 -0.410898 0.105506
0.0572754 0.953726 -0.428789 0.074883
0.14178 0.954576 -0.360452 0.0705086
0.0901317 0.924546 -0.410356 0.0455414
0.0600766 1.07756 -0.46368 0.0832458
0.0785698 0.896383 -0.432878 0.0220543
0.0742176 0.913029 -0.429327 0.0352848
0.0660163 0.904958 -0.434118 0.0320582
0.0514593 1.0031 -0.394813 0.109714
0.0601557 1.05361 -0.34213 0.140505
0.104063 1.02602 -0.330801 0.123863
0.0568291 1.02888 -0.412593 0.0995324
0.0590046 1.05455 -0.351785 0.134051
0.162094 0.995369 -0.327154 0.0972612
0.0556854 1.02463 -0.365721 0.123695
0.0719878 1.05735 -0.328539 0.144938
0.0760293 1.05258 -0.328637 0.142337
0.139867 1.01353 -0.329352 0.104002
0.0827621 1.0442 -0.328834 0.137514
0.0815853 1.04586 -0.328796 0.138475
0.160288 1.00442 -0.326676 0.0952989
0.118852 1.01575 -0.33058 0.115728
0.0605524 1.05579 -0.340067 0.14204
0.059939 1.05201 -0.343577 0.139413
0.096522 1.02674 -0.329479 0.1281
0.0562495 1.0494 -0.401274 0.10515
0.0572486 1.0355 -0.414013 0.0989246
0.0572739 1.04746 -0.420643 0.0965088
0.0570967 1.04764 -0.418816 0.0972659
0.0517617 1.00463 -0.380376 0.116456
0.0514768 1.00358 -0.381184 0.116132
0.0786006 1.04978 -0.328736 0.140782
0.0651093 0.966038 -0.423934 0.0846932
0.0637017 0.967468 -0.4243 0.0862572
0.050158 0.998684 -0.385198 0.1147
0.0550893 1.01391 -0.413196 0.100107
0.0548091 1.01198 -0.413545 0.100175
0.144247 1.00078 -0.3587 0.0832594
0.0783606 1.0123 -0.429465 0.073326
0.0601109 1.05553 -0.342527 0.14039
0.132355 0.998811 -0.331092 0.111015
0.116619 1.03955 -0.331244 0.115467
0.0582494 0.976053 -0.43663 0.0914908
0.0686977 1.03497 -0.422381 0.0853543
0.0773083 1.04662 -0.435336 0.0733111
0.117547 1.06261 -0.335566 0.115208
0.169685 1.11429 -0.36011 0.0987801
0.18711 1.10944 -0.355489 0.0904058
0.170962 1.11109 -0.353896 0.0983791
0.184218 1.1111 -0.35803 0.0914741
0.10226 1.01095 -0.443969 0.0478434
0.0937149 1.0341 -0.438382 0.0571638
0.0941558 1.02326 -0.436933 0.056855
0.174201 0.984356 -0.330234 0.0944423
0.142188 0.992029 -0.33106 0.107843
0.0578152 1.04145 -0.36705 0.123548
0.112338 0.955653 -0.350772 0.0878455
0.171272 1.05906 -0.329309 0.0854107
0.0863671 0.947558 -0.407612 0.0664422
0.111825 1.02131 -0.445739 0.0384516
0.114638 0.995219 -0.333082 0.112242
0.106207 1.02271 -0.330717 0.122729
0.122092 1.01879 -0.35313 0.0960691
0.183141 1.10708 -0.349407 0.0928822
0.100556 0.952064 -0.362303 0.0834652
0.158052 0.968044 -0.354945 0.0787385
0.120405 0.978714 -0.334854 0.103969
0.0504635 0.99306 -0.412425 0.103543
0.048164 0.985848 -0.412341 0.105108
0.0503297 0.986514 -0.424765 0.100553
0.0513474 0.991025 -0.422146 0.100363
0.0507481 0.988154 -0.424121 0.100358
0.0497168 0.979547 -0.427507 0.100583
0.0582916 0.983883 -0.432121 0.0916954
0.119734 1.06516 -0.358048 0.0986305
0.107124 0.994289 -0.337011 0.111035
0.0520881 1.00584 -0.379522 0.116806
0.161265 1.1101 -0.354781 0.101834
0.169873 1.0569 -0.328962 0.0858212
0.164836 0.987716 -0.327864 0.0987351
0.119898 1.00961 -0.330967 0.115879
0.051048 0.978502 -0.427356 0.0992871
0.0540415 1.00737 -0.413117 0.100975
0.107575 0.95761 -0.347701 0.0928633
0.0541751 1.00713 -0.41447 0.100438
0.0964596 1.0224 -0.331966 0.125381
0.0766153 1.01919 -0.348799 0.121065
0.135196 1.04131 -0.396352 0.0558641
0.120647 0.999652 -0.32917 0.115401
0.0865271 1.00323 -0.437554 0.0640757
0.0675594 1.00858 -0.362457 0.115512
0.106447 1.04543 -0.353232 0.106163
0.0533412 0.982989 -0.408236 0.101163
0.153405 1.01669 -0.409948 0.0356652
0.115518 1.07678 -0.340217 0.11754
0.107275 1.06943 -0.337349 0.122276
0.103998 1.06638 -0.336346 0.12427
0.101797 1.06342 -0.335397 0.125651
0.135697 1.03486 -0.395823 0.0550475
0.14074 1.09545 -0.347773 0.106489
0.0670034 0.984603 -0.372214 0.105557
0.118422 1.06892 -0.337488 0.115051
0.176621 0.977897 -0.343941 0.0878598
0.181535 0.977933 -0.340971 0.0878381
0.136731 1.09262 -0.346486 0.107974
0.130727 1.08861 -0.344813 0.110346
0.120556 1.08027 -0.341611 0.114941
0.125351 1.08431 -0.342997 0.112723
0.116255 1.04697 -0.331847 0.115883
0.125642 1.04651 -0.331499 0.109909
0.139984 1.04664 -0.330748 0.101375
0.0528377 0.998936 -0.41773 0.100387
0.139806 1.04456 -0.330474 0.101473
0.174351 1.11558 -0.364221 0.0962775
0.17555 0.977789 -0.345153 0.087628
0.129492 0.990513 -0.328305 0.111412
0.142094 0.992042 -0.331068 0.107885
0.0927649 1.04842 -0.33138 0.131679
0.0993189 1.04798 -0.331696 0.127162
0.0925038 1.04902 -0.331504 0.131836
0.100805 1.0333 -0.330992 0.125745
0.0763519 1.00999 -0.353546 0.116221
0.097198 1.05765 -0.333818 0.128501
0.0842763 1.01111 -0.346369 0.117296
0.0960554 1.01252 -0.337105 0.119385
0.155551 1.10614 -0.352976 0.102596
0.075354 0.993531 -0.361038 0.10862
0.0840171 0.995158 -0.353032 0.109305
0.0949405 0.99689 -0.344273 0.110789
0.123365 0.996909 -0.328914 0.114223
0.136261 0.996154 -0.331078 0.109743
0.136777 0.995747 -0.331061 0.109588
0.168218 0.978741 -0.348435 0.0885161
0.141643 0.995607 -0.330603 0.107126
0.139517 1.03594 -0.329829 0.101682
0.11208 1.01656 -0.33057 0.119737
0.115409 1.01324 -0.330763 0.118039
0.107208 1.01366 -0.32939 0.122034
0.104103 1.01781 -0.329331 0.12384
0.15404 1.02635 -0.429737 0.019456
0.145928 0.932358 -0.366918 0.0488118
0.100508 0.957555 -0.34986 0.0943635
0.0925603 0.946246 -0.389887 0.0692184
0.077273 0.975063 -0.366946 0.0986812
0.115333 0.972452 -0.338591 0.100705
0.124672 0.984515 -0.331574 0.107485
0.0928259 0.965977 -0.353504 0.0969019
0.113323 0.969747 -0.340259 0.0993927
0.15169 0.952598 -0.361017 0.0653815
0.100838 0.957618 -0.349622 0.0944055
0.14607 0.9569 -0.359771 0.0711829
0.167153 0.978966 -0.348656 0.0887979
0.105597 0.958378 -0.34653 0.0948832
0.150405 0.958861 -0.359588 0.0716343
0.106118 0.959246 -0.34603 0.0952
0.0975536 0.945103 -0.375939 0.0737506
0.0985514 0.955775 -0.354461 0.0913458
0.0975484 0.951863 -0.363624 0.0841816
0.0975318 0.951474 -0.364513 0.0834675
0.0928819 0.946636 -0.387981 0.070086
0.0640846 0.974618 -0.402716 0.0917043
0.0896455 0.964447 -0.359706 0.0937404
0.0911484 0.967666 -0.354231 0.0975159
0.0747175 0.987116 -0.363487 0.105923
0.0675217 0.984944 -0.37111 0.105885
0.0739811 0.981278 -0.365417 0.103528
0.0824868 0.975217 -0.359178 0.100483
0.16575 0.916711 -0.369965 0.0283255
0.159465 0.897633 -0.385701 0.0124141
0.0972069 0.944403 -0.378423 0.0722102
0.124512 0.950219 -0.35772 0.075374
0.138347 0.953378 -0.360281 0.0708279
0.168772 0.906554 -0.373268 0.0193943
0.128532 0.936535 -0.361823 0.0620036
0.167875 0.895907 -0.382253 0.0116602
0.168491 0.895203 -0.382318 0.0114028
0.155595 0.904891 -0.379826 0.0202107
0.147243 0.927671 -0.368494 0.0441324
0.129656 0.933029 -0.363033 0.058547
0.12227 0.931273 -0.360214 0.0625919
0.139505 0.909345 -0.375023 0.0333025
0.143487 0.902693 -0.380447 0.0250311
0.147862 0.89636 -0.386597 0.0171693
